20240100|29872|M29872|24/01/2024|24/03/2024|01|E001||00000008| |6|20117779379|SUMINISTROS TECNOLOGICOS E I R LTDA|1000.00|180.00|0.00|0.00|0.00|0.00|0.00|0.00|0.00|0.00|1180.00|PEN|1.000|||||||||||||||1|1|127|20240101|20240131|
20240100|31424|M31424|24/01/2024|24/03/2024|01|E001||12356887| |6|20551613217|COMPAÑÍA MAGRA SAC|0.00|0.00|0.00|0.00|0.00|0.00|800.00|0.00|0.00|0.00|800.00|PEN|1.000|||||||||||||||1|1|127|20240101|20240131|
20240100|31210|M31210|24/01/2024|24/01/2024|01|E001||00120033| |6|20458362077|TELXIUS CABLE PERU S.A.C.|3832.00|689.76|0.00|0.00|0.00|0.00|0.00|0.00|0.00|0.00|4521.76|USD|3.832|||||||DET||||||||1|1|127|20240101|20240131|
20240100|17299|M17299|09/01/2024|08/03/2024|01|F001||00202020| |6|20101415831|ALMACENES BOCANEGRA SA|8976.67|1615.80|0.00|0.00|0.00|0.00|0.00|0.00|0.00|0.00|10592.47|PEN|1.000||||||29/01/2024|12345678||||||||1|1|127|20240101|20240131|
20240100|29886|M29886|24/01/2024|24/03/2024|01|E001||00000020| |6|20117779379|SUMINISTROS TECNOLOGICOS E I R LTDA|1000.00|180.00|0.00|0.00|0.00|0.00|0.00|0.00|0.00|0.00|1180.00|USD|1.000|||||||||||||||1|1|127|20240101|20240131|
20240100|29867|M29867|24/01/2024|23/02/2024|01|F001||00000002| |6|20609058308|SUMINISTROS R & V S.A.C.|1000.00|180.00|0.00|0.00|0.00|0.00|0.00|0.00|0.00|0.00|1180.00|PEN|1.000|||||||||||||||1|1|127|20240101|20240131|
20240100|29883|M29883|24/01/2024|24/03/2024|01|E001||00000008| |6|20117779379|SUMINISTROS TECNOLOGICOS E I R LTDA|1000.00|180.00|0.00|0.00|0.00|0.00|0.00|0.00|0.00|0.00|1180.00|PEN|1.000|||||||||||||||1|1|127|20240101|20240131|
20240100|17607|M17607|16/01/2024|16/03/2024|01|F001||00000081| |6|20551613217|COMPAÑÍA MAGRA SAC|1500.00|270.00|0.00|0.00|0.00|0.00|0.00|0.00|0.00|0.00|1770.00|PEN|1.000|||||||||||||||1|1|127|20240101|20240131|
20240100|17158|M17158|04/01/2024|04/01/2024|01|E001||89| |6|20536105523|ADISTEC PERU S.A.C.|1000.00|180.00|0.00|0.00|0.00|0.00|0.00|0.00|0.00|0.00|1180.00|PEN|1.000||||||29/01/2024|12345678||||||||1|1|127|20240101|20240131|
20240100|36041|M36041|26/01/2024|25/03/2024|01|E001||12345654| |6|20602028306|FIBERMAX S.A.C|268.24|48.28|0.00|0.00|0.00|0.00|0.00|0.00|0.00|0.00|316.52|USD|3.832|||||||||||||||1|1|127|20240101|20240131|
20240100|17270|M17270|05/01/2024|05/01/2024|01|E001||27| |6|20536105523|ADISTEC PERU S.A.C.|1000.00|180.00|0.00|0.00|0.00|0.00|0.00|0.00|0.00|0.00|1180.00|PEN|1.000||||||29/01/2024|12345678||||||||1|1|127|20240101|20240131|
20240100|29874|M29874|24/01/2024|24/03/2024|01|F001||00001232| |6|20117779379|SUMINISTROS TECNOLOGICOS E I R LTDA|1000.00|180.00|0.00|0.00|0.00|0.00|0.00|0.00|0.00|0.00|1180.00|PEN|1.000|||||||||||||||1|1|127|20240101|20240131|
20240100|29881|M29881|24/01/2024|24/03/2024|01|E001||00002101| |6|20117779379|SUMINISTROS TECNOLOGICOS E I R LTDA|395.81|71.25|0.00|0.00|0.00|0.00|0.00|0.00|0.00|0.00|467.06|PEN|1.000|||||||||||||||1|1|127|20240101|20240131|
20240100|31422|M31422|24/01/2024|24/03/2024|01|0003||00000345| |6|20551613217|COMPAÑÍA MAGRA SAC|2000.00|360.00|0.00|0.00|0.00|0.00|0.00|0.00|0.00|0.00|2360.00|PEN|1.000|||||||||||||||1|1|127|20240101|20240131|
20240100|31217|M31217|24/01/2024|24/01/2024|01|E001||00001902| |6|20458362077|TELXIUS CABLE PERU S.A.C.|3832.00|689.76|0.00|0.00|0.00|0.00|0.00|0.00|0.00|0.00|4521.76|USD|3.832|||||||DET||||||||1|1|127|20240101|20240131|
20240100|30504|M30504|24/01/2024|24/03/2024|01|E001||00001234| |6|20117779379|SUMINISTROS TECNOLOGICOS E I R LTDA|103.46|18.58|0.00|0.00|0.00|0.00|0.00|0.00|0.00|0.00|122.04|USD|3.832|||||||||||||||1|1|127|20240101|20240131|
20240100|40706|M40706|30/01/2024|30/03/2024|01|F030||30011| |6|20551613217|COMPAÑÍA MAGRA SAC|800.00|144.00|0.00|0.00|0.00|0.00|0.00|0.00|0.00|0.00|944.00|PEN|1.000|||||||DET||||||||1|1|127|20240101|20240131|
20240100|37559|M37559|29/01/2024|29/03/2024|01|E001||00000145| |6|20551613217|COMPAÑÍA MAGRA SAC|600.00|108.00|0.00|0.00|0.00|0.00|0.00|0.00|0.00|0.00|708.00|PEN|1.000|||||||||||||||1|1|127|20240101|20240131|
20240100|39678|M39678|30/01/2024|30/03/2024|01|F008||1234| |6|20551613217|COMPAÑÍA MAGRA SAC|600.00|108.00|0.00|0.00|0.00|0.00|0.00|0.00|0.00|0.00|708.00|PEN|1.000|||||||||||||||1|1|127|20240101|20240131|
20240100|17300|M17300|05/01/2024|05/03/2024|01|E005||09876543| |6|20607033294|JM PUBLICIDAD AZUL SAC|7410.00|1333.80|0.00|0.00|0.00|0.00|0.00|0.00|0.00|0.00|8743.80|USD|3.705||||||05/01/2024|989744353||||||||1|1|127|20240101|20240131|
20240100|29869|M29869|24/01/2024|24/03/2024|01|E001||00000001| |6|20117779379|SUMINISTROS TECNOLOGICOS E I R LTDA|1000.00|180.00|0.00|0.00|0.00|0.00|0.00|0.00|0.00|0.00|1180.00|PEN|1.000|||||||||||||||1|1|127|20240101|20240131|
20240100|29870|M29870|24/01/2024|24/03/2024|01|F001||00000302| |6|20117779379|SUMINISTROS TECNOLOGICOS E I R LTDA|570.89|102.76|0.00|0.00|0.00|0.00|0.00|0.00|0.00|0.00|673.65|PEN|1.000|||||||||||||||1|1|127|20240101|20240131|
20240100|31544|M31544|25/01/2024|25/01/2024|01|F001||00000189| |6|20392784480|ALLENDE & GARCIA SOCIEDAD CIVIL DE RESPONSABILIDAD LIMITADA|0.00|0.00|0.00|0.00|0.00|0.00|8000.00|0.00|0.00|0.00|8000.00|PEN|1.000|||||||||||||||1|1|127|20240101|20240131|
20240100|29888|M29888|24/01/2024|24/03/2024|01|F001||05375342| |6|20117779379|SUMINISTROS TECNOLOGICOS E I R LTDA|1000.00|180.00|0.00|0.00|0.00|0.00|0.00|0.00|0.00|0.00|1180.00|PEN|1.000|||||||||||||||1|1|127|20240101|20240131|
20240100|31213|M31213|24/01/2024|24/01/2024|01|0003||00000445| |6|20127765279|COESTI S.A.|1000.00|180.00|0.00|0.00|0.00|0.00|0.00|0.00|0.00|0.00|1180.00|PEN|1.000||||||29/01/2024|12345678||||||||1|1|127|20240101|20240131|
20240100|29765|M29765|24/01/2024|24/03/2024|01|E0001||00000008| |6|20117779379|SUMINISTROS TECNOLOGICOS E I R LTDA|1000.00|180.00|0.00|0.00|0.00|0.00|0.00|0.00|0.00|0.00|1180.00|PEN|1.000|||||||||||||||1|1|127|20240101|20240131|
20240100|29868|M29868|24/01/2024|24/03/2024|01|E001||00000008| |6|20117779379|SUMINISTROS TECNOLOGICOS E I R LTDA|395.81|71.25|0.00|0.00|0.00|0.00|0.00|0.00|0.00|0.00|467.06|PEN|1.000|||||||||||||||1|1|127|20240101|20240131|
20240100|29877|M29877|24/01/2024|24/03/2024|01|E001||00001901| |6|20117779379|SUMINISTROS TECNOLOGICOS E I R LTDA|55.00|9.90|0.00|0.00|0.00|0.00|0.00|0.00|0.00|0.00|64.90|PEN|1.000|||||||||||||||1|1|127|20240101|20240131|
20240100|29889|M29889|24/01/2024|24/03/2024|01|E002||000000058| |6|20117779379|SUMINISTROS TECNOLOGICOS E I R LTDA|2000.00|360.00|0.00|0.00|0.00|0.00|0.00|0.00|0.00|0.00|2360.00|PEN|1.000|||||||||||||||1|1|127|20240101|20240131|
20240100|17298|M17298|08/01/2024|07/02/2024|01|E001||12345678| |6|20504424970|GLOBAL SOLUTIONS PERU E.I.R.L.|0.00|0.00|0.00|0.00|0.00|0.00|741.00|0.00|0.00|0.00|741.00|USD|3.705|||||||||||||||1|1|127|20240101|20240131|
20240100|17272|M17272|05/01/2024|04/02/2024|14|S001||297503073| |6|20609058308|SUMINISTROS R & V S.A.C.|1111.50|200.07|0.00|0.00|0.00|0.00|0.00|0.00|0.00|0.00|1311.57|USD|3.705|||||||||||||||1|0|127|20240101|20240131|
20240100|31214|M31214|24/01/2024|24/01/2024|01|F001||00000009| |6|20458362077|TELXIUS CABLE PERU S.A.C.|3832.00|689.76|0.00|0.00|0.00|0.00|0.00|0.00|0.00|0.00|4521.76|USD|3.832|||||||DET||||||||1|1|127|20240101|20240131|
20240100|31319|M31319|24/01/2024|24/01/2024|01|E001||00000067| |6|20458362077|TELXIUS CABLE PERU S.A.C.|3832.00|689.76|0.00|0.00|0.00|0.00|0.00|0.00|0.00|0.00|4521.76|USD|3.832|||||||DET||||||||1|1|127|20240101|20240131|
20240100|17301|M17301|09/01/2024|09/03/2024|01|F001||0000123| |6|20517584399|AFINA PERU S.A.C.|7548.00|1358.64|0.00|0.00|0.00|0.00|0.00|0.00|0.00|0.00|8906.64|PEN|1.000|||||||||||||||1|1|127|20240101|20240131|
20240100|29878|M29878|24/01/2024|24/03/2024|01|E001||00000010| |6|20117779379|SUMINISTROS TECNOLOGICOS E I R LTDA|1000.00|180.00|0.00|0.00|0.00|0.00|0.00|0.00|0.00|0.00|1180.00|PEN|1.000|||||||||||||||1|1|127|20240101|20240131|
20240100|37663|M37663|29/01/2024|29/03/2024|01|E001||00000155| |6|20551613217|COMPAÑÍA MAGRA SAC|600.00|108.00|0.00|0.00|0.00|0.00|0.00|0.00|0.00|0.00|708.00|PEN|1.000||||||29/01/2024|12345678||||||||1|1|127|20240101|20240131|
20240100|36344|M36344|26/01/2024|25/02/2024|01|E001||00000098| |6|20111740438|SONEPAR PERU S.A.C.|4541.08|817.39|0.00|0.00|0.00|0.00|0.00|0.00|0.00|0.00|5358.47|PEN|1.000|||||||||||||||1|1|127|20240101|20240131|
20240100|29896|M29896|24/01/2024|24/03/2024|01|E001||12345679| |6|20551613217|COMPAÑÍA MAGRA SAC|21268.32|3828.30|0.00|0.00|0.00|0.00|0.00|0.00|0.00|0.00|25096.62|PEN|1.000|||||||||||||||1|1|127|20240101|20240131|
