20230000|854|M854|9|FAM000049|||2|332111|9|INSTALACION DE PISO 50%|-|-|-|6,355.93|0.00|0.00|0.00|0.00|0.00|0.00|0.00|0.00|10/11/2015|1/12/2015|1|0000|41.05|26.48|-26.48|0.00|0.00|0.00|0.00|0.00|0.00|1|
20230000|857|M857|9|FAM000051|||2|332111|9|REMODELACION GENERAL|-|-|-|8,009.74|0.00|0.00|0.00|0.00|0.00|0.00|0.00|0.00|1/12/2016|1/1/2017|1|0000|34.58|33.37|-33.37|0.00|0.00|0.00|0.00|0.00|0.00|1|
20230000|860|M860|9|FAM000053|||2|332111|9|TRABAJO DE MEJORAS EN AREQUIPA|-|-|-|10,431.95|0.00|0.00|0.00|0.00|0.00|0.00|0.00|0.00|3/10/2017|1/11/2017|1|0000|30.42|43.47|-43.47|0.00|0.00|0.00|0.00|0.00|0.00|1|
20230000|863|M863|9|FAM000054|||2|332111|9|SUMINISTRO E INSTALACION PISO|-|-|-|1,952.54|0.00|0.00|0.00|0.00|0.00|0.00|0.00|0.00|19/12/2020|1/1/2021|1|0000|14.58|8.14|-8.14|0.00|0.00|0.00|0.00|0.00|0.00|1|
20230000|866|M866|9|FAM000056|||2|332111|9|REMODELACION DE OFICINA SURQUI|-|-|-|43,570.62|0.00|0.00|0.00|0.00|0.00|0.00|0.00|0.00|4/1/2021|1/2/2021|1|0000|14.17|181.54|-181.54|0.00|0.00|0.00|0.00|0.00|0.00|1|
20230000|869|M869|9|FAM000058|||2|332111|9|INST. SISTEMA CONTRA SURQUILLO|-|-|-|8,466.12|0.00|0.00|0.00|0.00|0.00|0.00|0.00|0.00|16/2/2021|1/3/2021|1|0000|13.75|35.28|-35.28|0.00|0.00|0.00|0.00|0.00|0.00|1|
20230000|872|M872|9|FAM000061|||2|332111|9|LUZ DE EMERGENCIA,LUMINARIA SU|-|-|-|9,064.00|0.00|0.00|0.00|0.00|0.00|0.00|0.00|0.00|3/3/2021|1/4/2021|1|0000|13.33|37.77|-37.77|0.00|0.00|0.00|0.00|0.00|0.00|1|
20230000|875|M875|9|FAM000063|||2|332111|9|SERV. REMODELACION PARA ESPACI|-|-|-|139,766.81|0.00|0.00|0.00|0.00|0.00|0.00|0.00|0.00|17/3/2021|1/4/2021|1|0000|13.33|582.36|-582.36|0.00|0.00|0.00|0.00|0.00|0.00|1|
20230000|878|M878|9|FAM000064|||2|332111|9|SUM. E INST. BALDOSAS PERFORAD|-|-|-|4,914.00|0.00|0.00|0.00|0.00|0.00|0.00|0.00|0.00|17/3/2021|1/4/2021|1|0000|13.33|20.48|-20.48|0.00|0.00|0.00|0.00|0.00|0.00|1|
20230000|881|M881|9|FAM000066|||2|332111|9|REMODELACION DE SEDE|-|-|-|131,647.78|0.00|0.00|0.00|0.00|0.00|0.00|0.00|0.00|9/4/2021|1/5/2021|1|0000|12.92|548.53|-548.53|0.00|0.00|0.00|0.00|0.00|0.00|1|
20230000|884|M884|9|FAM000069|||2|332111|9|REMODELACION SEDE TRUJILLO|-|-|-|112,690.68|0.00|0.00|0.00|0.00|0.00|0.00|0.00|0.00|21/4/2021|1/5/2021|1|0000|12.92|469.54|-469.54|0.00|0.00|0.00|0.00|0.00|0.00|1|
20230000|887|M887|9|FAM000071|||2|332111|9|REMODELACION DE LA SEDE|-|-|-|131,647.78|0.00|0.00|0.00|0.00|0.00|0.00|0.00|0.00|26/4/2021|1/5/2021|1|0000|12.92|548.53|-548.53|0.00|0.00|0.00|0.00|0.00|0.00|1|
20230000|890|M890|9|FAM000074|||2|332111|9|SERVICIO DE CARPINTERIA|-|-|-|8,046.00|0.00|0.00|0.00|0.00|0.00|0.00|0.00|0.00|26/4/2021|1/6/2021|1|0000|12.50|33.53|-33.53|0.00|0.00|0.00|0.00|0.00|0.00|1|
20230000|893|M893|9|FAM000076|||2|332111|9|04 UPS DE 8 TOMAS DE 100VA|-|-|-|1,499.39|0.00|0.00|0.00|0.00|0.00|0.00|0.00|0.00|14/5/2021|1/6/2021|1|0000|12.50|6.25|-6.25|0.00|0.00|0.00|0.00|0.00|0.00|1|
20230000|896|M896|9|FAM000078|||2|332111|9|TRABAJOS DE ALBAÑIRIA SURQUILL|-|-|-|1,255.00|0.00|0.00|0.00|0.00|0.00|0.00|0.00|0.00|11/5/2021|1/6/2021|1|0000|12.50|5.23|-5.23|0.00|0.00|0.00|0.00|0.00|0.00|1|
20230000|899|M899|9|FAM000080|||2|332111|9|REMODELACION SEDE TRUJILLO|-|-|-|112,690.68|0.00|0.00|0.00|0.00|0.00|0.00|0.00|0.00|21/5/2021|1/6/2021|1|0000|12.50|469.54|-469.54|0.00|0.00|0.00|0.00|0.00|0.00|1|
20230000|960|M960|9|FAM000048|||2|332111|9|INSTALACION DE PISO 50%|-|-|-|6,355.93|0.00|0.00|0.00|0.00|0.00|0.00|0.00|0.00|17/8/2015|1/9/2015|1|0000|41.45|26.48|-26.48|0.00|0.00|0.00|0.00|0.00|0.00|1|
20230000|963|M963|9|FAM000050|||2|332111|9|ADOQUINES PARA LOCAL BARRENECHEA|-|-|-|9,317.00|0.00|0.00|0.00|0.00|0.00|0.00|0.00|0.00|23/6/2016|1/7/2016|1|0000|37.08|38.82|-38.82|0.00|0.00|0.00|0.00|0.00|0.00|1|
20230000|966|M966|9|FAM000052|||2|332111|9|INSTALACION DE TECHO CON ESCTR|-|-|-|17,000.00|0.00|0.00|0.00|0.00|0.00|0.00|0.00|0.00|5/6/2017|1/7/2017|1|0000|32.08|70.83|-70.83|0.00|0.00|0.00|0.00|0.00|0.00|1|
20230000|969|M969|9|FAM000055|||2|332111|9|CAUCHO NATURAL, SERV. GENERALE|-|-|-|1,952.54|0.00|0.00|0.00|0.00|0.00|0.00|0.00|0.00|21/12/2020|1/1/2021|1|0000|14.58|8.14|-8.14|0.00|0.00|0.00|0.00|0.00|0.00|1|
20230000|972|M972|9|FAM000057|||2|332111|9|FABRICACION E INSTALACION DE E|-|-|-|10,750.00|0.00|0.00|0.00|0.00|0.00|0.00|0.00|0.00|28/1/2021|1/3/2021|1|0000|13.75|44.79|-44.79|0.00|0.00|0.00|0.00|0.00|0.00|1|
20230000|975|M975|9|FAM000059|||2|332111|9|REMODELACION DE OFICINA SURQUI|-|-|-|101,664.78|0.00|0.00|0.00|0.00|0.00|0.00|0.00|0.00|17/2/2021|1/3/2021|1|0000|13.75|423.60|-423.60|0.00|0.00|0.00|0.00|0.00|0.00|1|
20230000|978|M978|9|FAM000060|||2|332111|9|SUM. E INST. LUCES, TOMA SURQU|-|-|-|8,557.50|0.00|0.00|0.00|0.00|0.00|0.00|0.00|0.00|28/1/2021|1/3/2021|1|0000|13.75|35.66|-35.66|0.00|0.00|0.00|0.00|0.00|0.00|1|
20230000|981|M981|9|FAM000062|||2|332111|9|REMODELACION DE ESPACIOS|-|-|-|139,766.81|0.00|0.00|0.00|0.00|0.00|0.00|0.00|0.00|5/3/2021|1/4/2021|1|0000|13.33|582.36|-582.36|0.00|0.00|0.00|0.00|0.00|0.00|1|
20230000|984|M984|9|FAM000065|||2|332111|9|SUM. E INST. BALDOSAS PERFORAD|-|-|-|3,276.00|0.00|0.00|0.00|0.00|0.00|0.00|0.00|0.00|15/1/2020|1/4/2021|1|0000|13.33|13.65|-13.65|0.00|0.00|0.00|0.00|0.00|0.00|1|
20230000|987|M987|9|FAM000067|||2|332111|9|MANTENIMIENTO DE PINTURA|-|-|-|11,440.68|0.00|0.00|0.00|0.00|0.00|0.00|0.00|0.00|12/4/2021|1/5/2021|1|0000|12.92|47.67|-47.67|0.00|0.00|0.00|0.00|0.00|0.00|1|
20230000|990|M990|9|FAM000068|||2|332111|9|ANTICIPO ACABADOS DE FACHADA|-|-|-|23,686.44|0.00|0.00|0.00|0.00|0.00|0.00|0.00|0.00|14/4/2021|1/5/2021|1|0000|12.92|98.69|-98.69|0.00|0.00|0.00|0.00|0.00|0.00|1|
20230000|993|M993|9|FAM000070|||2|332111|9|MANTENIMIENTO DE PINTURA JP|-|-|-|11,440.68|0.00|0.00|0.00|0.00|0.00|0.00|0.00|0.00|26/4/2021|1/5/2021|1|0000|12.92|47.67|-47.67|0.00|0.00|0.00|0.00|0.00|0.00|1|
20230000|996|M996|9|FAM000072|||2|332111|9|DISEÑO DE ILUMINACION|-|-|-|1,472.03|0.00|0.00|0.00|0.00|0.00|0.00|0.00|0.00|7/5/2021|1/6/2021|1|0000|12.50|6.13|-6.13|0.00|0.00|0.00|0.00|0.00|0.00|1|
20230000|999|M999|9|FAM000073|||2|332111|9|ANTICIPO REMODELACION DE ESPAC|-|-|-|105,203.04|0.00|0.00|0.00|0.00|0.00|0.00|0.00|0.00|10/5/2021|1/6/2021|1|0000|12.50|438.35|-438.35|0.00|0.00|0.00|0.00|0.00|0.00|1|
20230000|1002|M1002|9|FAM000075|||2|332111|9|ACABADOS DE FACHADA|-|-|-|23,728.81|0.00|0.00|0.00|0.00|0.00|0.00|0.00|0.00|11/5/2021|1/6/2021|1|0000|12.50|98.87|-98.87|0.00|0.00|0.00|0.00|0.00|0.00|1|
20230000|1005|M1005|9|FAM000077|||2|332111|9|SUMINISTRO E INSTALACION DE MO|-|-|-|15,508.47|0.00|0.00|0.00|0.00|0.00|0.00|0.00|0.00|13/5/2021|1/6/2021|1|0000|12.50|64.62|-64.62|0.00|0.00|0.00|0.00|0.00|0.00|1|
20230000|1008|M1008|9|FAM000079|||2|332111|9|REMODELACION DE ESPACIOS|-|-|-|105,203.05|0.00|0.00|0.00|0.00|0.00|0.00|0.00|0.00|21/5/2021|1/6/2021|1|0000|12.50|438.35|-438.35|0.00|0.00|0.00|0.00|0.00|0.00|1|
20230000|1011|M1011|9|FAM000081|||2|332111|9|INSTALACION DE SISTEMAS DE VID|-|-|-|4,504.00|0.00|0.00|0.00|0.00|0.00|0.00|0.00|0.00|2/6/2021|1/7/2021|1|0000|12.08|18.77|-18.77|0.00|0.00|0.00|0.00|0.00|0.00|1|
20230000|1014|M1014|9|FAM000083|||2|332111|9|SUM E. INST. PLATAFORMA|-|-|-|28,561.66|0.00|0.00|0.00|0.00|0.00|0.00|0.00|0.00|24/5/2021|1/9/2021|1|0000|11.25|119.01|-119.01|0.00|0.00|0.00|0.00|0.00|0.00|1|
20230000|1017|M1017|9|FAM000086|||2|332111|9|02 PUERTAS CONTRAPLACADA VICUÑ|-|-|-|2,530.00|0.00|0.00|0.00|0.00|0.00|0.00|0.00|0.00|13/12/2021|1/1/2022|1|0000|9.58|10.54|-10.54|0.00|0.00|0.00|0.00|0.00|0.00|1|
20230000|1020|M1020|9|FAM000088|||2|332111|9|SERVICIO ACOMETIDA ELECTRICA|-|-|-|3,788.99|0.00|0.00|0.00|0.00|0.00|0.00|0.00|0.00|15/2/2022|1/3/2022|1|0000|8.75|15.79|-15.79|0.00|0.00|0.00|0.00|0.00|0.00|1|
20230000|1023|M1023|9|FAM000090|||2|332111|9|INSTALACIONES ELECTR STA CATAL|-|-|-|66,070.46|0.00|0.00|0.00|0.00|0.00|0.00|0.00|0.00|18/5/2022|1/7/2022|1|0000|7.08|275.29|-275.29|0.00|0.00|0.00|0.00|0.00|0.00|1|
20230000|1026|M1026|9|FAM000092|||2|332111|9|SERV. INSTALACION ESTANDAR|-|-|-|40,847.83|0.00|0.00|0.00|0.00|0.00|0.00|0.00|0.00|7/4/2021|1/8/2022|1|0000|6.67|170.20|-170.20|0.00|0.00|0.00|0.00|0.00|0.00|1|
20230000|1029|M1029|9|FAM000094|||2|332111|9|IMPLEMENTACION DE PLATAFORMA|-|-|-|8,841.00|0.00|0.00|0.00|0.00|0.00|0.00|0.00|0.00|31/7/2022|1/8/2022|1|0000|6.67|36.84|-36.84|0.00|0.00|0.00|0.00|0.00|0.00|1|
20230000|1032|M1032|9|FAM000096|||2|332111|9|IMPLEMENTACION DE PLATAFORMA W|-|-|-|11,788.00|0.00|0.00|0.00|0.00|0.00|0.00|0.00|0.00|17/1/2022|1/8/2022|1|0000|6.67|49.12|-49.12|0.00|0.00|0.00|0.00|0.00|0.00|1|
20230000|1035|M1035|9|FAM000098|||2|332111|9|REVESTIMIENTO DE MURO|-|-|-|6,804.00|0.00|0.00|0.00|0.00|0.00|0.00|0.00|0.00|1/9/2021|1/8/2022|1|0000|6.67|28.35|-28.35|0.00|0.00|0.00|0.00|0.00|0.00|1|
20230000|1038|M1038|9|FAM000101|||2|332111|9|TABLERO MURAL|-|-|-|3,319.03|0.00|0.00|0.00|0.00|0.00|0.00|0.00|0.00|6/7/2021|1/8/2022|1|0000|6.67|13.83|-13.83|0.00|0.00|0.00|0.00|0.00|0.00|1|
20230000|1041|M1041|9|FAM000103|||2|332111|9|50% SUM E INST. ZOCALOS SANITA|-|-|-|109,811.26|0.00|0.00|0.00|0.00|0.00|0.00|0.00|0.00|7/4/2021|1/8/2022|1|0000|6.67|457.55|-457.55|0.00|0.00|0.00|0.00|0.00|0.00|1|
20230000|1044|M1044|9|FAM000105|||2|332111|9|INSTALACION ELECTRICAS|-|-|-|24,546.61|0.00|0.00|0.00|0.00|0.00|0.00|0.00|0.00|27/7/2021|1/8/2022|1|0000|6.67|102.28|-102.28|0.00|0.00|0.00|0.00|0.00|0.00|1|
20230000|1047|M1047|9|FAM000107|||2|332111|9|SUMIN. INTALACION DE PISOS DIV|-|-|-|4,967.00|0.00|0.00|0.00|0.00|0.00|0.00|0.00|0.00|15/11/2021|1/8/2022|1|0000|6.67|20.70|-20.70|0.00|0.00|0.00|0.00|0.00|0.00|1|
20230000|1050|M1050|9|FAM000109|||2|332111|9|50 ADE. PREP. INFRAESTRU STA E|-|-|-|20,856.03|0.00|0.00|0.00|0.00|0.00|0.00|0.00|0.00|7/9/2021|1/8/2022|1|0000|6.67|86.90|-86.90|0.00|0.00|0.00|0.00|0.00|0.00|1|
20230000|1053|M1053|9|FAM000111|||2|332111|9|50% ADEL. SERV. OBRA CIVIL STA|-|-|-|15,649.25|0.00|0.00|0.00|0.00|0.00|0.00|0.00|0.00|7/9/2021|1/8/2022|1|0000|6.67|65.21|-65.21|0.00|0.00|0.00|0.00|0.00|0.00|1|
20230000|1056|M1056|9|FAM000112|||2|332111|9|SALDO 50% OBRA CIVIL DATA CENT|-|-|-|15,546.60|0.00|0.00|0.00|0.00|0.00|0.00|0.00|0.00|6/12/2021|1/8/2022|1|0000|6.67|64.78|-64.78|0.00|0.00|0.00|0.00|0.00|0.00|1|
20230000|1059|M1059|9|FAM000114|||2|332111|9|SEG. AD IMPLEMENTACION DE INST|-|-|-|53,633.11|0.00|0.00|0.00|0.00|0.00|0.00|0.00|0.00|22/9/2021|1/8/2022|1|0000|6.67|223.47|-223.47|0.00|0.00|0.00|0.00|0.00|0.00|1|
20230000|1062|M1062|9|FAM000116|||2|332111|9|REMODELACION DE SEDE DATA CENT|-|-|-|62,828.19|0.00|0.00|0.00|0.00|0.00|0.00|0.00|0.00|25/10/2021|1/8/2022|1|0000|6.67|261.78|-261.78|0.00|0.00|0.00|0.00|0.00|0.00|1|
20230000|1065|M1065|9|FAM000118|||2|332111|9|REMODELACION DE SEDE DATA CENT|-|-|-|36,623.60|0.00|0.00|0.00|0.00|0.00|0.00|0.00|0.00|29/11/2021|1/8/2022|1|0000|6.67|152.60|-152.60|0.00|0.00|0.00|0.00|0.00|0.00|1|
20230000|1068|M1068|9|FAM000120|||2|332111|9|50% ADEL. IMPLEMENT. REJILLAS|-|-|-|5,986.21|0.00|0.00|0.00|0.00|0.00|0.00|0.00|0.00|8/11/2021|1/8/2022|1|0000|6.67|24.94|-24.94|0.00|0.00|0.00|0.00|0.00|0.00|1|
20230000|1071|M1071|9|FAM000123|||2|332111|9|SALDO SELLADO CORTAFUEGO STA C|-|-|-|34,542.62|0.00|0.00|0.00|0.00|0.00|0.00|0.00|0.00|17/6/2021|1/8/2022|1|0000|6.67|143.93|-143.93|0.00|0.00|0.00|0.00|0.00|0.00|1|
20230000|1074|M1074|9|FAM000125|||2|332111|9|SALDO 50% SERVICIO OBRA CIVIL|-|-|-|2,086.49|0.00|0.00|0.00|0.00|0.00|0.00|0.00|0.00|23/2/2022|1/8/2022|1|0000|6.67|8.69|-8.69|0.00|0.00|0.00|0.00|0.00|0.00|1|
20230000|1077|M1077|9|FAM000127|||2|332111|9|HABILIT.INFRAESTRUCTUR TRUJILL|-|-|-|9,470.00|0.00|0.00|0.00|0.00|0.00|0.00|0.00|0.00|9/12/2021|1/8/2022|1|0000|6.67|39.46|-39.46|0.00|0.00|0.00|0.00|0.00|0.00|1|
20230000|1080|M1080|9|FAM000129|||2|332111|9|SUMINISTRO E INST. DE MOBILIAR|-|-|-|8,813.56|0.00|0.00|0.00|0.00|0.00|0.00|0.00|0.00|22/6/2021|1/8/2022|1|0000|6.67|36.72|-36.72|0.00|0.00|0.00|0.00|0.00|0.00|1|
20230000|1083|M1083|9|FAM000131|||2|332111|9|20% CANC. SERV. OBRA CIVIL DAT|-|-|-|14,016.00|0.00|0.00|0.00|0.00|0.00|0.00|0.00|0.00|1/2/2022|1/8/2022|1|0000|6.67|58.40|-58.40|0.00|0.00|0.00|0.00|0.00|0.00|1|
20230000|1086|M1086|9|FAM000133|||2|332111|9|30% AV. SERV. OBRA CIVIL DATA|-|-|-|21,024.00|0.00|0.00|0.00|0.00|0.00|0.00|0.00|0.00|23/10/2020|1/8/2022|1|0000|6.67|87.60|-87.60|0.00|0.00|0.00|0.00|0.00|0.00|1|
20230000|1089|M1089|9|FAM000135|||2|332111|9|REMODELACION DE OFICINA NEGOCI|-|-|-|10,758.00|0.00|0.00|0.00|0.00|0.00|0.00|0.00|0.00|3/5/2022|1/8/2022|1|0000|6.67|44.83|-44.83|0.00|0.00|0.00|0.00|0.00|0.00|1|
20230000|1092|M1092|9|FAM000137|||2|332111|9|CANC, IMPLEMENTACION DE OFICIN|-|-|-|87,500.00|0.00|0.00|0.00|0.00|0.00|0.00|0.00|0.00|3/1/2022|1/8/2022|1|0000|6.67|364.58|-364.58|0.00|0.00|0.00|0.00|0.00|0.00|1|
20230000|1095|M1095|9|FAM000140|||2|332111|9|60% ANT. MAMPARA VIDRIO DATACE|-|-|-|8,410.13|0.00|0.00|0.00|0.00|0.00|0.00|0.00|0.00|2/12/2021|1/8/2022|1|0000|6.67|35.04|-35.04|0.00|0.00|0.00|0.00|0.00|0.00|1|
20230000|1098|M1098|9|FAM000141|||2|332111|9|MAMPARAS, ESEJOS DATACENTER|-|-|-|5,606.82|0.00|0.00|0.00|0.00|0.00|0.00|0.00|0.00|4/2/2022|1/8/2022|1|0000|6.67|23.36|-23.36|0.00|0.00|0.00|0.00|0.00|0.00|1|
20230000|1102|M1102|9|FAM000082|||2|332111|9|MANTENIMIENTO VARIOS|-|-|-|36,016.95|0.00|0.00|0.00|0.00|0.00|0.00|0.00|0.00|9/6/2021|1/7/2021|1|0000|12.08|150.07|-150.07|0.00|0.00|0.00|0.00|0.00|0.00|1|
20230000|1105|M1105|9|FAM000084|||2|332111|9|IMPLEMENTACION DE NODO DE TELE|-|-|-|7,750.00|0.00|0.00|0.00|0.00|0.00|0.00|0.00|0.00|13/10/2021|1/11/2021|1|0000|10.42|32.29|-32.29|0.00|0.00|0.00|0.00|0.00|0.00|1|
20230000|1108|M1108|9|FAM000085|||2|332111|9|SERV. IMPLEMENTACION DE NODO|-|-|-|7,750.00|0.00|0.00|0.00|0.00|0.00|0.00|0.00|0.00|13/10/2021|1/11/2021|1|0000|10.42|32.29|-32.29|0.00|0.00|0.00|0.00|0.00|0.00|1|
20230000|1111|M1111|9|FAM000087|||2|332111|9|SERV. IMPLEMENTACION DE NODO|-|-|-|34,258.99|0.00|0.00|0.00|0.00|0.00|0.00|0.00|0.00|15/2/2022|1/3/2022|1|0000|8.75|142.75|-142.75|0.00|0.00|0.00|0.00|0.00|0.00|1|
20230000|1114|M1114|9|FAM000089|||2|332111|9|INSTALACIONES ELECTRICAS STA C|-|-|-|13,429.64|0.00|0.00|0.00|0.00|0.00|0.00|0.00|0.00|14/6/2022|1/7/2022|1|0000|7.08|55.96|-55.96|0.00|0.00|0.00|0.00|0.00|0.00|1|
20230000|1117|M1117|9|FAM000091|||2|332111|9|SERV. INSTALACION ESTANDAR|-|-|-|44,062.55|0.00|0.00|0.00|0.00|0.00|0.00|0.00|0.00|24/10/2019|1/8/2022|1|0000|6.67|183.59|-183.59|0.00|0.00|0.00|0.00|0.00|0.00|1|
20230000|1120|M1120|9|FAM000093|||2|332111|9|50 % SUM E INST. ZOCALOS SANIT|-|-|-|3,892.96|0.00|0.00|0.00|0.00|0.00|0.00|0.00|0.00|7/4/2022|1/8/2022|1|0000|6.67|16.22|-16.22|0.00|0.00|0.00|0.00|0.00|0.00|1|
20230000|1123|M1123|9|FAM000095|||2|332111|9|30% IMPLEMNTACION DE PLATAFORM|-|-|-|8,841.00|0.00|0.00|0.00|0.00|0.00|0.00|0.00|0.00|4/11/2021|1/8/2022|1|0000|6.67|36.84|-36.84|0.00|0.00|0.00|0.00|0.00|0.00|1|
20230000|1126|M1126|9|FAM000097|||2|332111|9|REVESTIMIENTO DE MURO|-|-|-|7,938.00|0.00|0.00|0.00|0.00|0.00|0.00|0.00|0.00|31/7/2022|1/8/2022|1|0000|6.67|33.08|-33.08|0.00|0.00|0.00|0.00|0.00|0.00|1|
20230000|1129|M1129|9|FAM000099|||2|332111|9|REVESTIMIENTO DE MURO|-|-|-|7,938.00|0.00|0.00|0.00|0.00|0.00|0.00|0.00|0.00|10/6/2021|1/8/2022|1|0000|6.67|33.08|-33.08|0.00|0.00|0.00|0.00|0.00|0.00|1|
20230000|1132|M1132|9|FAM000100|||2|332111|9|TABLERO MURAL|-|-|-|8,855.92|0.00|0.00|0.00|0.00|0.00|0.00|0.00|0.00|6/7/2022|1/8/2022|1|0000|6.67|36.90|-36.90|0.00|0.00|0.00|0.00|0.00|0.00|1|
20230000|1135|M1135|9|FAM000102|||2|332111|9|EQUIPAMIENTO ELECTRONICO|-|-|-|12,174.93|0.00|0.00|0.00|0.00|0.00|0.00|0.00|0.00|24/6/2021|1/8/2022|1|0000|6.67|50.73|-50.73|0.00|0.00|0.00|0.00|0.00|0.00|1|
20230000|1138|M1138|9|FAM000104|||2|332111|9|SALDO INST. LUMINARIA DATA CEN|-|-|-|6,072.50|0.00|0.00|0.00|0.00|0.00|0.00|0.00|0.00|17/11/2021|1/8/2022|1|0000|6.67|25.30|-25.30|0.00|0.00|0.00|0.00|0.00|0.00|1|
20230000|1141|M1141|9|FAM000106|||2|332111|9|SUM INST. PISO ANTIESTATICO DA|-|-|-|46,598.80|0.00|0.00|0.00|0.00|0.00|0.00|0.00|0.00|9/8/2021|1/8/2022|1|0000|6.67|194.16|-194.16|0.00|0.00|0.00|0.00|0.00|0.00|1|
20230000|1144|M1144|9|FAM000108|||2|332111|9|SUM. E INST. PISOS DIVERSOS|-|-|-|4,967.00|0.00|0.00|0.00|0.00|0.00|0.00|0.00|0.00|27/8/2021|1/8/2022|1|0000|6.67|20.70|-20.70|0.00|0.00|0.00|0.00|0.00|0.00|1|
20230000|1147|M1147|9|FAM000110|||2|332111|9|SALDO 50% PREPARACION DE INFRA|-|-|-|19,027.00|0.00|0.00|0.00|0.00|0.00|0.00|0.00|0.00|23/2/2022|1/8/2022|1|0000|6.67|79.28|-79.28|0.00|0.00|0.00|0.00|0.00|0.00|1|
20230000|1150|M1150|9|FAM000113|||2|332111|9|IMPLEMENTACION DE INSTALACIONE|-|-|-|58,938.04|0.00|0.00|0.00|0.00|0.00|0.00|0.00|0.00|25/10/2021|1/8/2022|1|0000|6.67|245.58|-245.58|0.00|0.00|0.00|0.00|0.00|0.00|1|
20230000|1153|M1153|9|FAM000115|||2|332111|9|25% ADELANTO IMPLEMENTACION DE|-|-|-|30,000.00|0.00|0.00|0.00|0.00|0.00|0.00|0.00|0.00|2/9/2021|1/8/2022|1|0000|6.67|125.00|-125.00|0.00|0.00|0.00|0.00|0.00|0.00|1|
20230000|1156|M1156|9|FAM000117|||2|332111|9|50% AD. REMODELACION  DE DATA|-|-|-|99,451.80|0.00|0.00|0.00|0.00|0.00|0.00|0.00|0.00|28/9/2021|1/8/2022|1|0000|6.67|414.38|-414.38|0.00|0.00|0.00|0.00|0.00|0.00|1|
20230000|1159|M1159|9|FAM000119|||2|332111|9|IMPLEMENTACION DE INST. ELECTR|-|-|-|26,986.95|0.00|0.00|0.00|0.00|0.00|0.00|0.00|0.00|27/9/2021|1/8/2022|1|0000|6.67|112.45|-112.45|0.00|0.00|0.00|0.00|0.00|0.00|1|
20230000|1162|M1162|9|FAM000121|||2|332111|9|SALDO IMPLEMEN REJILLAS STA CA|-|-|-|5,554.05|0.00|0.00|0.00|0.00|0.00|0.00|0.00|0.00|17/6/2022|1/8/2022|1|0000|6.67|23.14|-23.14|0.00|0.00|0.00|0.00|0.00|0.00|1|
20230000|1165|M1165|9|FAM000122|||2|332111|9|50% ADEL.SUM. Y SELLADO DE COR|-|-|-|37,304.59|0.00|0.00|0.00|0.00|0.00|0.00|0.00|0.00|11/11/2021|1/8/2022|1|0000|6.67|155.44|-155.44|0.00|0.00|0.00|0.00|0.00|0.00|1|
20230000|1168|M1168|9|FAM000124|||2|332111|9|50% AD. SERV, OBRA CIVIL DATAC|-|-|-|2,245.83|0.00|0.00|0.00|0.00|0.00|0.00|0.00|0.00|26/11/2021|1/8/2022|1|0000|6.67|9.36|-9.36|0.00|0.00|0.00|0.00|0.00|0.00|1|
20230000|1171|M1171|9|FAM000126|||2|332111|9|50% ADEL HAB.INFRAESTRUCTURA|-|-|-|9,470.00|0.00|0.00|0.00|0.00|0.00|0.00|0.00|0.00|13/1/2022|1/8/2022|1|0000|6.67|39.46|-39.46|0.00|0.00|0.00|0.00|0.00|0.00|1|
20230000|1174|M1174|9|FAM000128|||2|332111|9|SUMINSTRO E INST. MOBILIARIO|-|-|-|11,016.95|0.00|0.00|0.00|0.00|0.00|0.00|0.00|0.00|22/6/2021|1/8/2022|1|0000|6.67|45.90|-45.90|0.00|0.00|0.00|0.00|0.00|0.00|1|
20230000|1177|M1177|9|FAM000130|||2|332111|9|ESTUCADO EN PAREDES|-|-|-|25,875.00|0.00|0.00|0.00|0.00|0.00|0.00|0.00|0.00|28/9/2021|1/8/2022|1|0000|6.67|107.81|-107.81|0.00|0.00|0.00|0.00|0.00|0.00|1|
20230000|1180|M1180|9|FAM000132|||2|332111|9|20% AVANCE DE OBRA SANTA EULAL|-|-|-|14,016.00|0.00|0.00|0.00|0.00|0.00|0.00|0.00|0.00|25/11/2020|1/8/2022|1|0000|6.67|58.40|-58.40|0.00|0.00|0.00|0.00|0.00|0.00|1|
20230000|1183|M1183|9|FAM000134|||2|332111|9|30% AD. SERV. OBRA CIVIL STA C|-|-|-|21,024.00|0.00|0.00|0.00|0.00|0.00|0.00|0.00|0.00|22/9/2020|1/8/2022|1|0000|6.67|87.60|-87.60|0.00|0.00|0.00|0.00|0.00|0.00|1|
20230000|1186|M1186|9|FAM000136|||2|332111|9|50%AD REMODELACION DE OFICINAS|-|-|-|10,758.00|0.00|0.00|0.00|0.00|0.00|0.00|0.00|0.00|3/5/2022|1/8/2022|1|0000|6.67|44.83|-44.83|0.00|0.00|0.00|0.00|0.00|0.00|1|
20230000|1189|M1189|9|FAM000138|||2|332111|9|IMPLEMENT. DE OFICINA BARLOVEN|-|-|-|87,500.00|0.00|0.00|0.00|0.00|0.00|0.00|0.00|0.00|3/1/2022|1/8/2022|1|0000|6.67|364.58|-364.58|0.00|0.00|0.00|0.00|0.00|0.00|1|
20230000|1192|M1192|9|FAM000139|||2|332111|9|SALDO 50% SUM E INST PISO|-|-|-|42,668.10|0.00|0.00|0.00|0.00|0.00|0.00|0.00|0.00|23/2/2022|1/8/2022|1|0000|6.67|177.78|-177.78|0.00|0.00|0.00|0.00|0.00|0.00|1|
20230000|1195|M1195|9|FAM000142|||2|332111|9|INST. CABLEADO ESTRUCT BARLOBE|-|-|-|12,343.36|0.00|0.00|0.00|0.00|0.00|0.00|0.00|0.00|21/1/2022|1/8/2022|1|0000|6.67|51.43|-51.43|0.00|0.00|0.00|0.00|0.00|0.00|1|
20230000|1198|M1198|9|FAM000144|||2|332111|9|INST. CABLEADO ELECTRICO BARLO|-|-|-|16,108.08|0.00|0.00|0.00|0.00|0.00|0.00|0.00|0.00|2/1/2022|1/8/2022|1|0000|6.67|67.12|-67.12|0.00|0.00|0.00|0.00|0.00|0.00|1|
20230000|1201|M1201|9|FAM000143|||2|332111|9|INSTALACION DE CABLEADO ESTRUC|-|-|-|17,724.83|0.00|0.00|0.00|0.00|0.00|0.00|0.00|0.00|1/4/2022|1/8/2022|1|0000|6.67|73.85|-73.85|0.00|0.00|0.00|0.00|0.00|0.00|1|
20230000|1204|M1204|9|FAM000146|||2|332111|9|INSTALACION DE ZOCALOS STA CAT|-|-|-|29,994.89|0.00|0.00|0.00|0.00|0.00|0.00|0.00|0.00|24/10/2019|1/8/2022|1|0000|6.67|124.98|-124.98|0.00|0.00|0.00|0.00|0.00|0.00|1|
20230000|1207|M1207|9|FAM000148|||2|332111|9|LOS PELITRES AMPLIACION NODO|-|-|-|12,275.80|0.00|0.00|0.00|0.00|0.00|0.00|0.00|0.00|18/10/2022|1/11/2022|1|0000|5.42|51.15|-51.15|0.00|0.00|0.00|0.00|0.00|0.00|1|
20230000|1210|M1210|9|FAM000150|||2|332111|9|INST DE SISTEMAS DE PUERTAS NODOS VARIOS|-|-|-|39,132.95|0.00|0.00|0.00|0.00|0.00|0.00|0.00|0.00|14/6/2021|1/12/2022|1|0000|5.00|163.05|-163.05|0.00|0.00|0.00|0.00|0.00|0.00|1|
20230000|1213|M1213|9|FAM000152|||2|332111|9|OS NEGOCIOS ESTACION MANUAL SIMPLE ACCIO|-|-|-|1,134.00|0.00|0.00|0.00|0.00|0.00|0.00|0.00|0.00|12/12/2022|1/1/2023|1|0000|1.25|4.72|-4.72|0.00|0.00|0.00|0.00|0.00|0.00|1|
20230000|1216|M1216|9|FAM000154|||2|332111|9|OS NEGOCIOS 5 BASE PARA DETECTOR HUMO|-|-|-|388.80|0.00|0.00|0.00|0.00|0.00|0.00|0.00|0.00|12/12/2022|1/1/2023|1|0000|1.25|1.62|-1.62|0.00|0.00|0.00|0.00|0.00|0.00|1|
20230000|1219|M1219|9|FAM000157|||2|332111|9|RECLASIF EDIF JP ESTE 1640 DEP|-|-|-|399,560.83|0.00|0.00|0.00|0.00|0.00|0.00|0.00|0.00|27/10/2020|1/11/2020|1|0000|15.42|1,664.84|-1,664.84|0.00|0.00|0.00|0.00|0.00|0.00|1|
20230000|1222|M1222|9|FAM000158|||2|332111|9|RECLASIF EDIF JP ESTE 1640 TI|-|-|-|763,933.09|0.00|0.00|0.00|0.00|0.00|0.00|0.00|0.00|27/10/2020|1/11/2020|1|0000|15.42|3,183.05|-3,183.05|0.00|0.00|0.00|0.00|0.00|0.00|1|
20230000|1225|M1225|9|FAM000161|||2|332111|9|RECLASIF EDIF CALLE 22|-|-|-|212,422.63|0.00|0.00|0.00|0.00|0.00|0.00|0.00|0.00|31/3/2017|1/4/2017|1|0000|33.33|885.09|-885.09|0.00|0.00|0.00|0.00|0.00|0.00|1|
20230000|1228|M1228|9|FAM000163|||2|332111|9|DATACENTER STA CATALINA PRIMER ADELANTO |-|-|-|14,723.51|0.00|0.00|0.00|0.00|0.00|0.00|0.00|0.00|20/9/2019|1/10/2019|1|0000|20.83|61.35|-61.35|0.00|0.00|0.00|0.00|0.00|0.00|1|
20230000|1231|M1231|9|FAM000165|||2|332111|9|DATA CENTER SANTA CATALINA INSTALACION D|-|-|-|1,360.00|0.00|0.00|0.00|0.00|0.00|0.00|0.00|0.00|4/12/2019|1/1/2020|1|0000|19.58|5.67|-5.67|0.00|0.00|0.00|0.00|0.00|0.00|1|
20230000|1234|M1234|9|FAM000167|||2|332111|9|DATA CENTER SANTA CATALINA MANTENIMIENTO|-|-|-|839.34|0.00|0.00|0.00|0.00|0.00|0.00|0.00|0.00|22/11/2019|1/12/2019|1|0000|20.00|3.50|-3.50|0.00|0.00|0.00|0.00|0.00|0.00|1|
20230000|1237|M1237|9|FAM000168|||2|332111|9|DATA CENTER SANTA CATALINA MANTENIMIENTO|-|-|-|9,020.71|0.00|0.00|0.00|0.00|0.00|0.00|0.00|0.00|22/11/2019|1/12/2019|1|0000|20.00|37.59|-37.59|0.00|0.00|0.00|0.00|0.00|0.00|1|
20230000|1240|M1240|9|FAM000170|||2|332111|9|DATACENTER STA CATALINA REDISENO DE PROY|-|-|-|6,522.00|0.00|0.00|0.00|0.00|0.00|0.00|0.00|0.00|7/6/2018|1/7/2018|1|0000|27.08|27.18|-27.18|0.00|0.00|0.00|0.00|0.00|0.00|1|
20230000|1243|M1243|9|FAM000172|||2|332111|9|OFICINA AREQUIPA DEMOLICION OBRA DE AREQ|-|-|-|5,959.76|0.00|0.00|0.00|0.00|0.00|0.00|0.00|0.00|1/9/2017|1/10/2017|1|0000|30.83|24.83|-24.83|0.00|0.00|0.00|0.00|0.00|0.00|1|
20230000|1246|M1246|9|FAM000174|||2|332111|9|OFICINA AREQUIPA IMPLEMENTACION DE OFICI|-|-|-|525.42|0.00|0.00|0.00|0.00|0.00|0.00|0.00|0.00|20/11/2018|1/12/2018|1|0000|25.00|2.19|-2.19|0.00|0.00|0.00|0.00|0.00|0.00|1|
20230000|1249|M1249|9|FAM000176|||2|332111|9|OFICINA AREQUIPA IMPLEMENTACION DE OFICI|-|-|-|2,711.86|0.00|0.00|0.00|0.00|0.00|0.00|0.00|0.00|11/12/2018|1/1/2019|1|0000|24.58|11.30|-11.30|0.00|0.00|0.00|0.00|0.00|0.00|1|
20230000|1252|M1252|9|FAM000178|||2|332111|9|OFICINA AREQUIPA OBRAS DE CONSTRUCCION|-|-|-|5,341.81|0.00|0.00|0.00|0.00|0.00|0.00|0.00|0.00|26/7/2017|1/8/2017|1|0000|31.67|22.26|-22.26|0.00|0.00|0.00|0.00|0.00|0.00|1|
20230000|1255|M1255|9|FAM000180|||2|332111|9|DATA CENTER SANTA CATALINA FABRI. INST E|-|-|-|35,361.60|0.00|0.00|0.00|0.00|0.00|0.00|0.00|0.00|19/12/2019|1/1/2020|1|0000|19.58|147.34|-147.34|0.00|0.00|0.00|0.00|0.00|0.00|1|
20230000|1258|M1258|9|FAM000182|||2|332111|9|DATACENTER STA CATALINA CANCELACION SUMI|-|-|-|3,654.71|0.00|0.00|0.00|0.00|0.00|0.00|0.00|0.00|10/4/2021|1/5/2021|1|0000|12.92|15.23|-15.23|0.00|0.00|0.00|0.00|0.00|0.00|1|
20230000|1261|M1261|9|FAM000184|||2|332111|9|DATA CENTER STA CATALINA SUMINISTROS|-|-|-|18,069.99|0.00|0.00|0.00|0.00|0.00|0.00|0.00|0.00|7/9/2020|1/10/2020|1|0000|15.83|75.29|-75.29|0.00|0.00|0.00|0.00|0.00|0.00|1|
20230000|1264|M1264|9|FAM000186|||2|332111|9|DATA CENTER SANTA CATALINA PANTALLA HERM|-|-|-|14,014.00|0.00|0.00|0.00|0.00|0.00|0.00|0.00|0.00|18/12/2019|1/1/2020|1|0000|19.58|58.39|-58.39|0.00|0.00|0.00|0.00|0.00|0.00|1|
20230000|1267|M1267|9|FAM000188|||2|332111|9|DATA CENTER SANTA CATALINA TUBO LED|-|-|-|576.00|0.00|0.00|0.00|0.00|0.00|0.00|0.00|0.00|4/12/2019|1/1/2020|1|0000|19.58|2.40|-2.40|0.00|0.00|0.00|0.00|0.00|0.00|1|
20230000|1270|M1270|9|FAM000190|||2|332111|9|DATA CENTER STA CATALINA 35% ASCENSOR|-|-|-|31,364.56|0.00|0.00|0.00|0.00|0.00|0.00|0.00|0.00|26/12/2019|1/1/2020|1|0000|19.58|130.69|-130.69|0.00|0.00|0.00|0.00|0.00|0.00|1|
20230000|1273|M1273|9|FAM000192|||2|332111|9|DC STA CATALINA ASCENSOR 25% INICIAL|-|-|-|22,274.98|0.00|0.00|0.00|0.00|0.00|0.00|0.00|0.00|12/4/2019|1/5/2019|1|0000|22.92|92.81|-92.81|0.00|0.00|0.00|0.00|0.00|0.00|1|
20230000|1276|M1276|9|FAM000195|||2|332111|9|ALMACEN MOSTAJO TRABAJOS ELECTRICOS MOST|-|-|-|2,000.00|0.00|0.00|0.00|0.00|0.00|0.00|0.00|0.00|7/12/2017|1/12/2017|1|0000|30.00|8.33|-8.33|0.00|0.00|0.00|0.00|0.00|0.00|1|
20230000|1279|M1279|9|FAM000197|||2|332111|9|OFICINA TRUJILLO  INSTALACION DE SISTEMA|-|-|-|17,243.99|0.00|0.00|0.00|0.00|0.00|0.00|0.00|0.00|12/11/2019|1/12/2019|1|0000|20.00|71.85|-71.85|0.00|0.00|0.00|0.00|0.00|0.00|1|
20230000|1282|M1282|9|FAM000198|||2|332111|9|OFICINA TRUJILLO  INSTALACION DE SISTEMA|-|-|-|12,706.16|0.00|0.00|0.00|0.00|0.00|0.00|0.00|0.00|3/1/2020|1/2/2020|1|0000|19.17|52.94|-52.94|0.00|0.00|0.00|0.00|0.00|0.00|1|
20230000|1285|M1285|9|FAM000201|||2|332111|9|OFICINA LOS NEGOCIOS  GASTOS ADMINISTRAT|-|-|-|10,686.20|0.00|0.00|0.00|0.00|0.00|0.00|0.00|0.00|30/5/2022|1/6/2022|1|0000|7.50|44.53|-44.53|0.00|0.00|0.00|0.00|0.00|0.00|1|
20230000|1288|M1288|9|FAM000203|||2|332111|9|OFICINA TRUJILLO SERVICIO DE REMODELACIO|-|-|-|13,632.36|0.00|0.00|0.00|0.00|0.00|0.00|0.00|0.00|10/12/2019|1/1/2020|1|0000|19.58|56.80|-56.80|0.00|0.00|0.00|0.00|0.00|0.00|1|
20230000|1291|M1291|9|FAM000205|||2|332111|9|DATA CENTER STA CATALINA 22 TAPA PROTECT|-|-|-|5,640.10|0.00|0.00|0.00|0.00|0.00|0.00|0.00|0.00|13/8/2020|1/9/2020|1|0000|16.25|23.50|-23.50|0.00|0.00|0.00|0.00|0.00|0.00|1|
20230000|1294|M1294|9|FAM000207|||2|332111|9|DATA CENTER STA CATALINA 08 TORNILLO C/T|-|-|-|342.44|0.00|0.00|0.00|0.00|0.00|0.00|0.00|0.00|13/8/2020|1/9/2020|1|0000|16.25|1.43|-1.43|0.00|0.00|0.00|0.00|0.00|0.00|1|
20230000|1297|M1297|9|FAM000209|||2|332111|9|DATA CENTER SANTA CATALINA RHONAPLAST AC|-|-|-|7,921.67|0.00|0.00|0.00|0.00|0.00|0.00|0.00|0.00|21/11/2019|1/12/2019|1|0000|20.00|33.01|-33.01|0.00|0.00|0.00|0.00|0.00|0.00|1|
20230000|1300|M1300|9|FAM000212|||2|332111|9|DATA CENTER STA CATALINA PASO DE ESCALER|-|-|-|24,088.33|0.00|0.00|0.00|0.00|0.00|0.00|0.00|0.00|11/1/2020|1/2/2020|1|0000|19.17|100.37|-100.37|0.00|0.00|0.00|0.00|0.00|0.00|1|
20230000|1301|M1301|9|FAM000145|||2|332111|9|INSTALACION DE CABLEADO ELECTR|-|-|-|23,130.88|0.00|0.00|0.00|0.00|0.00|0.00|0.00|0.00|1/4/2022|1/8/2022|1|0000|6.67|96.38|-96.38|0.00|0.00|0.00|0.00|0.00|0.00|1|
20230000|1304|M1304|9|FAM000147|||2|332111|9|OS HABILITACION DE AMBIENTE DR|-|-|-|17,500.00|0.00|0.00|0.00|0.00|0.00|0.00|0.00|0.00|16/9/2022|1/10/2022|1|0000|5.83|72.92|-72.92|0.00|0.00|0.00|0.00|0.00|0.00|1|
20230000|1307|M1307|9|FAM000149|||2|332111|9|INST DE SISTEMAS DE PUERTAS NODOS VARIOS|-|-|-|39,754.43|0.00|0.00|0.00|0.00|0.00|0.00|0.00|0.00|6/10/2022|1/12/2022|1|0000|5.00|165.64|-165.64|0.00|0.00|0.00|0.00|0.00|0.00|1|
20230000|1310|M1310|9|FAM000151|||2|332111|9|OS NEGOCIOS FLASH CON ESTROBO DE 12/24 V|-|-|-|270.00|0.00|0.00|0.00|0.00|0.00|0.00|0.00|0.00|12/12/2022|1/1/2023|1|0000|1.26|1.13|-1.13|0.00|0.00|0.00|0.00|0.00|0.00|1|
20230000|1313|M1313|9|FAM000153|||2|332111|9|OS NEGOCIOS 5 DETECTOR DE HUMO FOTOELECT|-|-|-|135.00|0.00|0.00|0.00|0.00|0.00|0.00|0.00|0.00|12/12/2022|1/1/2023|1|0000|1.24|0.56|-0.56|0.00|0.00|0.00|0.00|0.00|0.00|1|
20230000|1316|M1316|9|FAM000155|||2|332111|9|OS NEGOCIOS INSTALACION ELECTRICAS|-|-|-|4,705.00|0.00|0.00|0.00|0.00|0.00|0.00|0.00|0.00|12/12/2022|1/1/2023|1|0000|1.25|19.60|-19.60|0.00|0.00|0.00|0.00|0.00|0.00|1|
20230000|1319|M1319|9|FAM000156|||2|332111|9|PROV. CUOTA FINAL DSC1 ASCENSO|-|-|-|10,405.80|0.00|0.00|0.00|0.00|0.00|0.00|0.00|0.00|1/12/2022|1/1/2023|1|0000|1.25|43.36|-43.36|0.00|0.00|0.00|0.00|0.00|0.00|1|
20230000|1322|M1322|9|FAM000159|||2|332111|9|RECLASIF EDIF GALVEZ 2|-|-|-|2,283,800.63|0.00|0.00|0.00|0.00|0.00|0.00|0.00|0.00|31/3/2017|1/4/2017|1|0000|33.33|9,515.84|-9,515.84|0.00|0.00|0.00|0.00|0.00|0.00|1|
20230000|1325|M1325|9|FAM000160|||2|332111|9|RECLASIF EDIF GALVEZ 1|-|-|-|2,035,534.31|0.00|0.00|0.00|0.00|0.00|0.00|0.00|0.00|2/12/2016|1/1/2017|1|0000|34.58|8,481.39|-8,481.39|0.00|0.00|0.00|0.00|0.00|0.00|1|
20230000|1328|M1328|9|FAM000162|||2|332111|9|RECLASIF EDIF NODO PACASMAYO 2|-|-|-|78,572.01|0.00|0.00|0.00|0.00|0.00|0.00|0.00|0.00|15/9/2022|1/10/2022|1|0000|5.83|327.38|-327.38|0.00|0.00|0.00|0.00|0.00|0.00|1|
20230000|1331|M1331|9|FAM000164|||2|332111|9|DATA CENTER SANTA CATALINA PUERTA DE REG|-|-|-|740.00|0.00|0.00|0.00|0.00|0.00|0.00|0.00|0.00|4/12/2019|1/1/2020|1|0000|19.58|3.08|-3.08|0.00|0.00|0.00|0.00|0.00|0.00|1|
20230000|1334|M1334|9|FAM000166|||2|332111|9|OFICINA AREQUIPA EJECUCION DE OBRA|-|-|-|21,574.72|0.00|0.00|0.00|0.00|0.00|0.00|0.00|0.00|10/11/2017|1/12/2017|1|0000|30.00|89.89|-89.89|0.00|0.00|0.00|0.00|0.00|0.00|1|
20230000|1337|M1337|9|FAM000169|||2|332111|9|OFICINA AREQUIPA INSTALACION MUEBLES|-|-|-|9,376.50|0.00|0.00|0.00|0.00|0.00|0.00|0.00|0.00|26/9/2017|1/10/2017|1|0000|30.83|39.07|-39.07|0.00|0.00|0.00|0.00|0.00|0.00|1|
20230000|1340|M1340|9|FAM000171|||2|332111|9|DATACENTER STA CATALINA MODELADO DE LA I|-|-|-|12,805.94|0.00|0.00|0.00|0.00|0.00|0.00|0.00|0.00|7/6/2018|1/7/2018|1|0000|27.08|53.36|-53.36|0.00|0.00|0.00|0.00|0.00|0.00|1|
20230000|1343|M1343|9|FAM000173|||2|332111|9|OFICINA AREQUIPA IMPLEMENTACION DE OFICI|-|-|-|677.97|0.00|0.00|0.00|0.00|0.00|0.00|0.00|0.00|20/11/2018|1/12/2018|1|0000|25.00|2.82|-2.82|0.00|0.00|0.00|0.00|0.00|0.00|1|
20230000|1346|M1346|9|FAM000175|||2|332111|9|OFICINA AREQUIPA IMPLEMENTACION DE OFICI|-|-|-|2,101.69|0.00|0.00|0.00|0.00|0.00|0.00|0.00|0.00|11/12/2018|1/1/2019|1|0000|24.58|8.76|-8.76|0.00|0.00|0.00|0.00|0.00|0.00|1|
20230000|1349|M1349|9|FAM000177|||2|332111|9|OFICINA AREQUIPA INSTALACION ELECTRICAS |-|-|-|6,679.97|0.00|0.00|0.00|0.00|0.00|0.00|0.00|0.00|1/9/2017|1/10/2017|1|0000|30.83|27.83|-27.83|0.00|0.00|0.00|0.00|0.00|0.00|1|
20230000|1352|M1352|9|FAM000179|||2|332111|9|DATA CENTER SANTA CATALINA INSTALACION D|-|-|-|3,840.00|0.00|0.00|0.00|0.00|0.00|0.00|0.00|0.00|9/1/2020|1/2/2020|1|0000|19.17|16.00|-16.00|0.00|0.00|0.00|0.00|0.00|0.00|1|
20230000|1355|M1355|9|FAM000181|||2|332111|9|DATACENTER STA CATALINA SEGUNDO ADELANTO|-|-|-|3,692.02|0.00|0.00|0.00|0.00|0.00|0.00|0.00|0.00|7/4/2021|1/5/2021|1|0000|12.92|15.38|-15.38|0.00|0.00|0.00|0.00|0.00|0.00|1|
20230000|1358|M1358|9|FAM000183|||2|332111|9|DATA CENTER STA CATALINA BARRA DE UNION |-|-|-|5.84|0.00|0.00|0.00|0.00|0.00|0.00|0.00|0.00|13/8/2020|1/9/2020|1|0000|15.92|0.02|-0.02|0.00|0.00|0.00|0.00|0.00|0.00|1|
20230000|1361|M1361|9|FAM000185|||2|332111|9|DATACENTER STA CATALINA 50% CABLE AFIREN|-|-|-|31,412.29|0.00|0.00|0.00|0.00|0.00|0.00|0.00|0.00|1/12/2021|1/1/2022|1|0000|9.58|130.88|-130.88|0.00|0.00|0.00|0.00|0.00|0.00|1|
20230000|1364|M1364|9|FAM000187|||2|332111|9|DATA CENTER SANTA CATALINA BACE HERMETIC|-|-|-|708.00|0.00|0.00|0.00|0.00|0.00|0.00|0.00|0.00|4/12/2019|1/1/2020|1|0000|19.58|2.95|-2.95|0.00|0.00|0.00|0.00|0.00|0.00|1|
20230000|1367|M1367|9|FAM000189|||2|332111|9|DATA CENTER SANTA CATALINA BACE HERMETIC|-|-|-|1,432.00|0.00|0.00|0.00|0.00|0.00|0.00|0.00|0.00|4/12/2019|1/1/2020|1|0000|19.58|5.97|-5.97|0.00|0.00|0.00|0.00|0.00|0.00|1|
20230000|1370|M1370|9|FAM000191|||2|332111|9|DATA CENTER SANTA CATALINA ASCENSOR|-|-|-|27,345.62|0.00|0.00|0.00|0.00|0.00|0.00|0.00|0.00|13/11/2019|1/12/2019|1|0000|20.00|113.94|-113.94|0.00|0.00|0.00|0.00|0.00|0.00|1|
20230000|1373|M1373|9|FAM000193|||2|332111|9|DC STA CATALIN ASCENSOR|-|-|-|48,188.85|0.00|0.00|0.00|0.00|0.00|0.00|0.00|0.00|24/1/2019|1/2/2019|1|0000|24.17|200.79|-200.79|0.00|0.00|0.00|0.00|0.00|0.00|1|
20230000|1376|M1376|9|FAM000194|||2|332111|9|ALMACEN MOSTAJO HABILITACION DE SSHH MOS|-|-|-|3,500.00|0.00|0.00|0.00|0.00|0.00|0.00|0.00|0.00|30/11/2017|1/12/2017|1|0000|30.00|14.58|-14.58|0.00|0.00|0.00|0.00|0.00|0.00|1|
20230000|1379|M1379|9|FAM000196|||2|332111|9|ALMACEN MOSTAJO MATERIALES ELECTRICOS MO|-|-|-|3,072.50|0.00|0.00|0.00|0.00|0.00|0.00|0.00|0.00|20/11/2017|1/12/2017|1|0000|30.00|12.80|-12.80|0.00|0.00|0.00|0.00|0.00|0.00|1|
20230000|1382|M1382|9|FAM000199|||2|332111|9|SEDE TRUJILLO INSTALACION DE SISTEMA ELE|-|-|-|13,628.86|0.00|0.00|0.00|0.00|0.00|0.00|0.00|0.00|13/3/2020|1/4/2020|1|0000|18.33|56.79|-56.79|0.00|0.00|0.00|0.00|0.00|0.00|1|
20230000|1385|M1385|9|FAM000200|||2|332111|9|OFICINA TRUJILLO  VINIL ROTULADO|-|-|-|3,560.00|0.00|0.00|0.00|0.00|0.00|0.00|0.00|0.00|23/12/2019|1/1/2020|1|0000|19.58|14.83|-14.83|0.00|0.00|0.00|0.00|0.00|0.00|1|
20230000|1388|M1388|9|FAM000202|||2|332111|9|OFICINA TRUJILLO  REMODELACION OFICINA|-|-|-|32,788.22|0.00|0.00|0.00|0.00|0.00|0.00|0.00|0.00|9/1/2020|1/2/2020|1|0000|19.17|136.62|-136.62|0.00|0.00|0.00|0.00|0.00|0.00|1|
20230000|1391|M1391|9|FAM000204|||2|332111|9|OFICINA TRUJILLO REMODELACION DE ESPACIO|-|-|-|19,894.53|0.00|0.00|0.00|0.00|0.00|0.00|0.00|0.00|21/11/2019|1/12/2019|1|0000|20.00|82.89|-82.89|0.00|0.00|0.00|0.00|0.00|0.00|1|
20230000|1394|M1394|9|FAM000206|||2|332111|9|DATA CENTER STA CATALINA 09 BANDEJA TIPO|-|-|-|2,441.37|0.00|0.00|0.00|0.00|0.00|0.00|0.00|0.00|13/8/2020|1/9/2020|1|0000|16.25|10.17|-10.17|0.00|0.00|0.00|0.00|0.00|0.00|1|
20230000|1397|M1397|9|FAM000208|||2|332111|9|DATA CENTER STA CATALINA 06 ACCESORIO DA|-|-|-|55.51|0.00|0.00|0.00|0.00|0.00|0.00|0.00|0.00|13/8/2020|1/9/2020|1|0000|16.25|0.23|-0.23|0.00|0.00|0.00|0.00|0.00|0.00|1|
20230000|1400|M1400|9|FAM000210|||2|332111|9|DATA CENTER SANTA CATALINA 30% ADELANTO |-|-|-|10,407.39|0.00|0.00|0.00|0.00|0.00|0.00|0.00|0.00|28/10/2019|1/11/2019|1|0000|20.42|43.36|-43.36|0.00|0.00|0.00|0.00|0.00|0.00|1|
20230000|1403|M1403|9|FAM000211|||2|332111|9|DATA CENTER SANTA CATALINA INSTALACION P|-|-|-|3,419.66|0.00|0.00|0.00|0.00|0.00|0.00|0.00|0.00|4/12/2019|1/1/2020|1|0000|19.58|14.25|-14.25|0.00|0.00|0.00|0.00|0.00|0.00|1|
20230000|1406|M1406|9|FAM000214|||2|332111|9|DATA CENTER STA CATALINA OBRA CIVIL|-|-|-|14,732.56|0.00|0.00|0.00|0.00|0.00|0.00|0.00|0.00|21/9/2020|1/10/2020|1|0000|15.83|61.39|-61.39|0.00|0.00|0.00|0.00|0.00|0.00|1|
20230000|1409|M1409|9|FAM000216|||2|332111|9|DATA CENTER SANTA CATALINA PINTADO Y TRA|-|-|-|34,038.27|0.00|0.00|0.00|0.00|0.00|0.00|0.00|0.00|3/12/2019|1/1/2020|1|0000|19.58|141.83|-141.83|0.00|0.00|0.00|0.00|0.00|0.00|1|
20230000|1412|M1412|9|FAM000218|||2|332111|9|TRUJILLO HABILITACION DE OFICINA|-|-|-|5,296.61|0.00|0.00|0.00|0.00|0.00|0.00|0.00|0.00|20/12/2019|1/1/2020|1|0000|19.58|22.07|-22.07|0.00|0.00|0.00|0.00|0.00|0.00|1|
20230000|1415|M1415|9|FAM000219|||2|332111|9|TRUJILLO IMPLEMENTACION DE OFICINA|-|-|-|5,296.61|0.00|0.00|0.00|0.00|0.00|0.00|0.00|0.00|18/12/2019|1/1/2020|1|0000|19.58|22.07|-22.07|0.00|0.00|0.00|0.00|0.00|0.00|1|
20230000|1418|M1418|9|FAM000222|||2|332111|9|ALMACEN MOSTAJO TRABAJOS EN ALMACEN MOST|-|-|-|6,600.00|0.00|0.00|0.00|0.00|0.00|0.00|0.00|0.00|28/11/2017|1/12/2017|1|0000|30.00|27.50|-27.50|0.00|0.00|0.00|0.00|0.00|0.00|1|
20230000|1421|M1421|9|FAM000224|||2|332111|9|OFICINA TRUJILLO  SERVICIO DE INSTALACIO|-|-|-|3,519.20|0.00|0.00|0.00|0.00|0.00|0.00|0.00|0.00|9/1/2020|1/2/2020|1|0000|19.17|14.66|-14.66|0.00|0.00|0.00|0.00|0.00|0.00|1|
20230000|1424|M1424|9|FAM000226|||2|332111|9|GB2 INSTALACION DE COBERTURA TENS|-|-|-|6,552.70|0.00|0.00|0.00|0.00|0.00|0.00|0.00|0.00|7/4/2017|1/5/2017|1|0000|32.92|27.30|-27.30|0.00|0.00|0.00|0.00|0.00|0.00|1|
20230000|1427|M1427|9|FAM000228|||2|332111|9|GB2 PRESUPUESTO DE MANT. DE TUBERI|-|-|-|937.50|0.00|0.00|0.00|0.00|0.00|0.00|0.00|0.00|7/3/2017|1/4/2017|1|0000|33.33|3.91|-3.91|0.00|0.00|0.00|0.00|0.00|0.00|1|
20230000|1430|M1430|9|FAM000230|||2|332111|9|GB2 LEVANTAMINTO TOPOGRAFICO|-|-|-|5,500.00|0.00|0.00|0.00|0.00|0.00|0.00|0.00|0.00|9/2/2017|1/3/2017|1|0000|33.75|22.92|-22.92|0.00|0.00|0.00|0.00|0.00|0.00|1|
20230000|1433|M1433|9|FAM000232|||2|332111|9|DC STA CATALINA HABILITACION E INST. DE |-|-|-|2,102.00|0.00|0.00|0.00|0.00|0.00|0.00|0.00|0.00|4/3/2019|1/4/2019|1|0000|23.33|8.76|-8.76|0.00|0.00|0.00|0.00|0.00|0.00|1|
20230000|1436|M1436|9|FAM000234|||2|332111|9|DATA CENTER SANTA CATALINA TASACION COME|-|-|-|1,380.00|0.00|0.00|0.00|0.00|0.00|0.00|0.00|0.00|27/11/2019|1/12/2019|1|0000|20.00|5.75|-5.75|0.00|0.00|0.00|0.00|0.00|0.00|1|
20230000|1439|M1439|9|FAM000236|||2|332111|9|CABLE ELECTRICO LSOH 80°C 750V|-|-|-|2,202.18|0.00|0.00|0.00|0.00|0.00|0.00|0.00|0.00|27/1/2023|1/2/2023|1|0000|4.17|9.18|-9.18|0.00|0.00|0.00|0.00|0.00|0.00|1|
20230000|1442|M1442|9|FAM000238|||2|332111|9|INST ESCALERA METAL ANGAMOS II|-|-|-|10,997.31|0.00|0.00|0.00|0.00|0.00|0.00|0.00|0.00|9/2/2023|1/3/2023|1|0000|3.75|45.82|-45.82|0.00|0.00|0.00|0.00|0.00|0.00|1|
20230000|1445|M1445|9|FAM000240|||2|332111|9|NODO TRUJILL CONTROLADOR BOTO|-|-|-|1,344.31|0.00|0.00|0.00|0.00|0.00|0.00|0.00|0.00|12/4/2023|1/5/2023|1|0000|2.92|5.60|-5.60|0.00|0.00|0.00|0.00|0.00|0.00|1|
20230000|1448|M1448|9|FAM000242|||2|332111|9|NODO TRUJ 2 CERRADURA,CONTROLA|-|-|-|1,344.31|0.00|0.00|0.00|0.00|0.00|0.00|0.00|0.00|12/4/2023|1/5/2023|1|0000|2.92|5.60|-5.60|0.00|0.00|0.00|0.00|0.00|0.00|1|
20230000|1451|M1451|9|FAM000244|||2|332111|9|NODO SULLANA BRAZO METAL,CERRA|-|-|-|2,049.02|0.00|0.00|0.00|0.00|0.00|0.00|0.00|0.00|12/4/2023|1/5/2023|1|0000|2.92|8.54|-8.54|0.00|0.00|0.00|0.00|0.00|0.00|1|
20230000|1454|M1454|9|FAM000246|||2|332111|9|NODO SANTA FE BOTON,BRAZO META|-|-|-|131.30|0.00|0.00|0.00|0.00|0.00|0.00|0.00|0.00|12/4/2023|1/5/2023|1|0000|2.92|0.55|-0.55|0.00|0.00|0.00|0.00|0.00|0.00|1|
20230000|1457|M1457|9|FAM000248|||2|332111|9|SERV IMPLE TELEC NODO BAYOVAR|-|-|-|28,808.59|0.00|0.00|0.00|0.00|0.00|0.00|0.00|0.00|14/4/2023|1/5/2023|1|0000|2.92|120.04|-120.04|0.00|0.00|0.00|0.00|0.00|0.00|1|
20230000|1460|M1460|9|FAM000250|||2|332111|9|SERV INSTAL NODO SANTA ROSA|-|-|-|4,671.93|0.00|0.00|0.00|0.00|0.00|0.00|0.00|0.00|10/5/2023|1/6/2023|1|0000|2.50|19.47|-19.47|0.00|0.00|0.00|0.00|0.00|0.00|1|
20230000|1463|M1463|9|FAM000252|||2|332111|9|SERV INSTAL POZO A TIERRA|-|-|-|4,361.30|0.00|0.00|0.00|0.00|0.00|0.00|0.00|0.00|21/5/2023|1/6/2023|1|0000|2.50|18.17|-18.17|0.00|0.00|0.00|0.00|0.00|0.00|1|
20230000|1466|M1466|9|FAM000254|||2|332111|9|CABLE ELECTRICO LSOH 80C 750V|-|-|-|3,615.28|0.00|0.00|0.00|0.00|0.00|0.00|0.00|0.00|15/5/2023|1/6/2023|1|0000|2.50|15.06|-15.06|0.00|0.00|0.00|0.00|0.00|0.00|1|
20230000|1469|M1469|9|FAM000256|||2|332111|9|SERV IMPLEM NODO TELEC HUACHO|-|-|-|13,139.57|0.00|0.00|0.00|0.00|0.00|0.00|0.00|0.00|29/5/2023|1/6/2023|1|0000|2.50|54.75|-54.75|0.00|0.00|0.00|0.00|0.00|0.00|1|
20230000|1472|M1472|9|FAM000258|||2|332111|9|SERV IMPLEMENTAC NODO MOQUEGUA|-|-|-|16,225.11|0.00|0.00|0.00|0.00|0.00|0.00|0.00|0.00|10/5/2023|1/6/2023|1|0000|2.50|67.60|-67.60|0.00|0.00|0.00|0.00|0.00|0.00|1|
20230000|1475|M1475|9|FAM000260|||2|332111|9|SERV IMPLEMENTACION NODO PUNO|-|-|-|15,254.34|0.00|0.00|0.00|0.00|0.00|0.00|0.00|0.00|23/5/2023|1/6/2023|1|0000|2.50|63.56|-63.56|0.00|0.00|0.00|0.00|0.00|0.00|1|
20230000|1478|M1478|9|FAM000262|||2|332111|9|INSONORIZACION SALA NOD CALLAO|-|-|-|11,220.23|0.00|0.00|0.00|0.00|0.00|0.00|0.00|0.00|13/7/2023|1/8/2023|1|0000|1.25|46.75|-46.75|0.00|0.00|0.00|0.00|0.00|0.00|1|
20230000|1481|M1481|9|FAM000264|||2|332111|9|INST POZO A TIERRA NODO HUARAL|-|-|-|10,945.62|0.00|0.00|0.00|0.00|0.00|0.00|0.00|0.00|5/7/2023|1/8/2023|1|0000|1.25|45.61|-45.61|0.00|0.00|0.00|0.00|0.00|0.00|1|
20230000|1484|M1484|9|FAM000266|||2|332111|9|ADECUA PUERTAS MONTAC DSC1|-|-|-|20,950.00|0.00|0.00|0.00|0.00|0.00|0.00|0.00|0.00|14/8/2023|1/9/2023|1|0000|1.25|87.29|-87.29|0.00|0.00|0.00|0.00|0.00|0.00|1|
20230000|1487|M1487|9|FAM000268|||2|332111|9|INST ESCALERA METAL ANGAMOS II|-|-|-|10,945.98|0.00|0.00|0.00|0.00|0.00|0.00|0.00|0.00|30/8/2022|1/3/2023|1|0000|3.75|45.61|-45.61|0.00|0.00|0.00|0.00|0.00|0.00|1|
20230000|1490|M1490|9|FAM000270|||2|332111|9|INST PISO ANTIESTATICO DSC1|-|-|-|89,657.06|0.00|0.00|0.00|0.00|0.00|0.00|0.00|0.00|8/3/2023|1/4/2023|1|0000|3.33|373.57|-373.57|0.00|0.00|0.00|0.00|0.00|0.00|1|
20230000|1493|M1493|9|FAM000272|||2|332111|9|INST PUERTAS CORTAFUEGO DSC1|-|-|-|7,881.12|0.00|0.00|0.00|0.00|0.00|0.00|0.00|0.00|8/3/2023|1/4/2023|1|0000|3.33|32.84|-32.84|0.00|0.00|0.00|0.00|0.00|0.00|1|
20230000|1496|M1496|9|FAM000274|||2|332111|9|JUEGO DE PERFILES DSC1|-|-|-|10,000.00|0.00|0.00|0.00|0.00|0.00|0.00|0.00|0.00|14/3/2023|1/4/2023|1|0000|3.33|41.67|-41.67|0.00|0.00|0.00|0.00|0.00|0.00|1|
20230000|1499|M1499|9|FAM000276|||2|332111|9|CABLE THW-90 NODO CAMANA|-|-|-|1,508.97|0.00|0.00|0.00|0.00|0.00|0.00|0.00|0.00|15/3/2023|1/4/2023|1|0000|3.33|6.29|-6.29|0.00|0.00|0.00|0.00|0.00|0.00|1|
20230000|1503|M1503|9|FAM000213|||2|332111|9|DATA CENTER STA CATALINA 91 BASTIDOR ADO|-|-|-|3,458.00|0.00|0.00|0.00|0.00|0.00|0.00|0.00|0.00|11/8/2020|1/9/2020|1|0000|16.25|14.41|-14.41|0.00|0.00|0.00|0.00|0.00|0.00|1|
20230000|1506|M1506|9|FAM000215|||2|332111|9|DATA CENTER SANTA CATALINA AMPLIACION DE|-|-|-|1,500.00|0.00|0.00|0.00|0.00|0.00|0.00|0.00|0.00|3/12/2019|1/1/2020|1|0000|19.58|6.25|-6.25|0.00|0.00|0.00|0.00|0.00|0.00|1|
20230000|1509|M1509|9|FAM000217|||2|332111|9|ALMACEN SURQUILLO INSTALACION DE CABLEAD|-|-|-|5,435.50|0.00|0.00|0.00|0.00|0.00|0.00|0.00|0.00|4/12/2020|1/1/2021|1|0000|14.58|22.65|-22.65|0.00|0.00|0.00|0.00|0.00|0.00|1|
20230000|1512|M1512|9|FAM000220|||2|332111|9|ALMACEN MOSTAJO FABRICACION DE UN TECHO |-|-|-|9,900.00|0.00|0.00|0.00|0.00|0.00|0.00|0.00|0.00|7/11/2017|1/12/2017|1|0000|30.00|41.25|-41.25|0.00|0.00|0.00|0.00|0.00|0.00|1|
20230000|1515|M1515|9|FAM000221|||2|332111|9|ALMACEN MOSTAJO COMPRA DE SUMINISTRO|-|-|-|13,775.00|0.00|0.00|0.00|0.00|0.00|0.00|0.00|0.00|25/9/2017|1/10/2017|1|0000|30.83|57.40|-57.40|0.00|0.00|0.00|0.00|0.00|0.00|1|
20230000|1518|M1518|9|FAM000223|||2|332111|9|ALMACEN MOSTAJO FABRICACION DE CONTORNO |-|-|-|2,170.00|0.00|0.00|0.00|0.00|0.00|0.00|0.00|0.00|28/11/2017|1/12/2017|1|0000|30.00|9.04|-9.04|0.00|0.00|0.00|0.00|0.00|0.00|1|
20230000|1521|M1521|9|FAM000225|||2|332111|9|GB2 INSTALACION DE COBERTURA TENSI|-|-|-|2,808.30|0.00|0.00|0.00|0.00|0.00|0.00|0.00|0.00|25/5/2017|1/6/2017|1|0000|32.50|11.70|-11.70|0.00|0.00|0.00|0.00|0.00|0.00|1|
20230000|1524|M1524|9|FAM000227|||2|332111|9|GB2 SERVICIO DE ELABORACION DE EXP|-|-|-|14,639.40|0.00|0.00|0.00|0.00|0.00|0.00|0.00|0.00|7/3/2017|1/4/2017|1|0000|33.33|61.00|-61.00|0.00|0.00|0.00|0.00|0.00|0.00|1|
20230000|1527|M1527|9|FAM000229|||2|332111|9|GB2 PRESUPUESTO ADICIONAL DE LABOR|-|-|-|18,579.32|0.00|0.00|0.00|0.00|0.00|0.00|0.00|0.00|3/3/2017|1/4/2017|1|0000|33.33|77.41|-77.41|0.00|0.00|0.00|0.00|0.00|0.00|1|
20230000|1530|M1530|9|FAM000231|||2|332111|9|GB2 PROPUESTO ADICIONAL DEMOLICION|-|-|-|17,509.94|0.00|0.00|0.00|0.00|0.00|0.00|0.00|0.00|10/2/2017|1/3/2017|1|0000|33.75|72.96|-72.96|0.00|0.00|0.00|0.00|0.00|0.00|1|
20230000|1533|M1533|9|FAM000233|||2|332111|9|DATA CENTER SANTA CATALINA PINTADO Y TRA|-|-|-|12,400.00|0.00|0.00|0.00|0.00|0.00|0.00|0.00|0.00|11/12/2019|1/1/2020|1|0000|19.58|51.67|-51.67|0.00|0.00|0.00|0.00|0.00|0.00|1|
20230000|1536|M1536|9|FAM000235|||2|332111|9|MODULO CORTA FUEGOS EZD DSC1|-|-|-|55,644.19|0.00|0.00|0.00|0.00|0.00|0.00|0.00|0.00|25/1/2023|1/2/2023|1|0000|4.17|231.85|-231.85|0.00|0.00|0.00|0.00|0.00|0.00|1|
20230000|1539|M1539|9|FAM000237|||2|332111|9|300 CABLE COBRE SUAVE DC SC|-|-|-|4,428.20|0.00|0.00|0.00|0.00|0.00|0.00|0.00|0.00|23/1/2023|1/2/2023|1|0000|4.17|18.45|-18.45|0.00|0.00|0.00|0.00|0.00|0.00|1|
20230000|1542|M1542|9|FAM000239|||2|332111|9|200 MTS CABLE ELECTRICO LSOH|-|-|-|976.95|0.00|0.00|0.00|0.00|0.00|0.00|0.00|0.00|15/3/2023|1/4/2023|1|0000|3.33|4.07|-4.07|0.00|0.00|0.00|0.00|0.00|0.00|1|
20230000|1545|M1545|9|FAM000241|||2|332111|9|NODO PIURA CONTROLADOR ACCESO|-|-|-|1,344.31|0.00|0.00|0.00|0.00|0.00|0.00|0.00|0.00|12/4/2023|1/5/2023|1|0000|2.92|5.60|-5.60|0.00|0.00|0.00|0.00|0.00|0.00|1|
20230000|1548|M1548|9|FAM000243|||2|332111|9|NODO CAJAMARC BRAZO METAL CERR|-|-|-|1,344.31|0.00|0.00|0.00|0.00|0.00|0.00|0.00|0.00|12/4/2023|1/5/2023|1|0000|2.92|5.60|-5.60|0.00|0.00|0.00|0.00|0.00|0.00|1|
20230000|1551|M1551|9|FAM000245|||2|332111|9|NODO CHICLAY BRAZO MET,BOTON S|-|-|-|1,892.14|0.00|0.00|0.00|0.00|0.00|0.00|0.00|0.00|12/4/2023|1/5/2023|1|0000|2.92|7.88|-7.88|0.00|0.00|0.00|0.00|0.00|0.00|1|
20230000|1554|M1554|9|FAM000247|||2|332111|9|SERV IMPLETELEC NODO ZARATE|-|-|-|24,900.88|0.00|0.00|0.00|0.00|0.00|0.00|0.00|0.00|14/4/2023|1/5/2023|1|0000|2.92|103.75|-103.75|0.00|0.00|0.00|0.00|0.00|0.00|1|
20230000|1557|M1557|9|FAM000249|||2|332111|9|MODULO CORTA FUEGO DSC1|-|-|-|118,708.69|0.00|0.00|0.00|0.00|0.00|0.00|0.00|0.00|18/4/2023|1/5/2023|1|0000|2.92|494.62|-494.62|0.00|0.00|0.00|0.00|0.00|0.00|1|
20230000|1560|M1560|9|FAM000251|||2|332111|9|SERV INSTAL POSO NODO PACHACAM|-|-|-|6,226.84|0.00|0.00|0.00|0.00|0.00|0.00|0.00|0.00|11/5/2023|1/6/2023|1|0000|2.50|25.95|-25.95|0.00|0.00|0.00|0.00|0.00|0.00|1|
20230000|1563|M1563|9|FAM000253|||2|332111|9|IMPLEMENT INSTAL ELECT JP2|-|-|-|5,148.53|0.00|0.00|0.00|0.00|0.00|0.00|0.00|0.00|22/5/2023|1/6/2023|1|0000|2.50|21.45|-21.45|0.00|0.00|0.00|0.00|0.00|0.00|1|
20230000|1566|M1566|9|FAM000255|||2|332111|9|CONSTRUCCION TECHO ALIGERADO NODO GALVEZ|-|-|-|15,875.43|0.00|0.00|0.00|0.00|0.00|0.00|0.00|0.00|8/6/2023|1/6/2023|1|0000|2.50|66.15|-66.15|0.00|0.00|0.00|0.00|0.00|0.00|1|
20230000|1569|M1569|9|FAM000257|||2|332111|9|SERV IMPLEM NODO TELEC BARRANC|-|-|-|11,778.84|0.00|0.00|0.00|0.00|0.00|0.00|0.00|0.00|29/5/2023|1/6/2023|1|0000|2.50|49.08|-49.08|0.00|0.00|0.00|0.00|0.00|0.00|1|
20230000|1572|M1572|9|FAM000259|||2|332111|9|NODO JULIACA IMP ELECTRICA|-|-|-|4,618.74|0.00|0.00|0.00|0.00|0.00|0.00|0.00|0.00|23/5/2023|1/6/2023|1|0000|2.50|19.24|-19.24|0.00|0.00|0.00|0.00|0.00|0.00|1|
20230000|1575|M1575|9|FAM000261|||2|332111|9|FABRIC TECHO META E KRUMDIECK|-|-|-|47,530.00|0.00|0.00|0.00|0.00|0.00|0.00|0.00|0.00|17/6/2023|1/6/2023|1|0000|2.50|198.04|-198.04|0.00|0.00|0.00|0.00|0.00|0.00|1|
20230000|1578|M1578|9|FAM000263|||2|332111|9|IMPLEMENT INSTALC ELECTR GB2|-|-|-|31,598.08|0.00|0.00|0.00|0.00|0.00|0.00|0.00|0.00|24/7/2023|1/8/2023|1|0000|1.25|131.66|-131.66|0.00|0.00|0.00|0.00|0.00|0.00|1|
20230000|1581|M1581|9|FAM000265|||2|332111|9|SERV INST POZO NODO CHANCAY|-|-|-|10,822.85|0.00|0.00|0.00|0.00|0.00|0.00|0.00|0.00|4/7/2023|1/8/2023|1|0000|1.25|45.10|-45.10|0.00|0.00|0.00|0.00|0.00|0.00|1|
20230000|1584|M1584|9|FAM000267|||2|332111|9|IMPLEMENT CASETA NODO AGRARIA|-|-|-|5,806.17|0.00|0.00|0.00|0.00|0.00|0.00|0.00|0.00|18/8/2023|1/9/2023|1|0000|1.25|24.19|-24.19|0.00|0.00|0.00|0.00|0.00|0.00|1|
20230000|1587|M1587|9|FAM000269|||2|332111|9|INST BANDEJA PORTACABLE DSC1|-|-|-|89,624.63|0.00|0.00|0.00|0.00|0.00|0.00|0.00|0.00|8/3/2023|1/4/2023|1|0000|3.33|373.44|-373.44|0.00|0.00|0.00|0.00|0.00|0.00|1|
20230000|1590|M1590|9|FAM000271|||2|332111|9|OBRAS MENORES DSC1|-|-|-|56,867.59|0.00|0.00|0.00|0.00|0.00|0.00|0.00|0.00|8/3/2023|1/4/2023|1|0000|3.33|236.95|-236.95|0.00|0.00|0.00|0.00|0.00|0.00|1|
20230000|1593|M1593|9|FAM000273|||2|332111|9|OBRA CIVIL DSC1|-|-|-|28,102.29|0.00|0.00|0.00|0.00|0.00|0.00|0.00|0.00|8/3/2023|1/4/2023|1|0000|3.33|117.09|-117.09|0.00|0.00|0.00|0.00|0.00|0.00|1|
20230000|1596|M1596|9|FAM000275|||2|332111|9|CABLES ELECTRICOS DSC1|-|-|-|488,081.51|0.00|0.00|0.00|0.00|0.00|0.00|0.00|0.00|27/2/2023|1/4/2023|1|0000|3.33|2,033.67|-2,033.67|0.00|0.00|0.00|0.00|0.00|0.00|1|
20230000|1599|M1599|9|FAM000277|||2|332111|9|INSTALACON ASCENSOR DSC1|-|-|-|22,070.41|0.00|0.00|0.00|0.00|0.00|0.00|0.00|0.00|17/1/2023|1/4/2023|1|0000|3.33|91.96|-91.96|0.00|0.00|0.00|0.00|0.00|0.00|1|
20230000|1602|M1602|9|FAM000278|||2|332111|9|6 PUERTA CORTAFUEGO DSC1|-|-|-|55,931.55|0.00|0.00|0.00|0.00|0.00|0.00|0.00|0.00|8/3/2023|1/4/2023|1|0000|3.33|233.05|-233.05|0.00|0.00|0.00|0.00|0.00|0.00|1|
20230000|1605|M1605|9|FAM000280|||2|332111|9|DC SC CABLES ELECTRICOS|-|-|-|112,288.81|0.00|0.00|0.00|0.00|0.00|0.00|0.00|0.00|22/3/2023|1/4/2023|1|0000|3.33|467.87|-467.87|0.00|0.00|0.00|0.00|0.00|0.00|1|
20230000|1608|M1608|9|FAM000282|||2|332111|9|AD 50% SERV PTAS DEL ASCEN SCH DSC1|-|-|-|20,950.00|0.00|0.00|0.00|0.00|0.00|0.00|0.00|0.00|12/6/2023|1/9/2023|1|0000|1.25|87.29|-87.29|0.00|0.00|0.00|0.00|0.00|0.00|1|
20230000|1702|M1702|9|FAM000279|||2|332111|9|DC SC CABLES ELECTRICOS|-|-|-|136,854.17|0.00|0.00|0.00|0.00|0.00|0.00|0.00|0.00|22/3/2023|1/4/2023|1|0000|3.33|570.23|-570.23|0.00|0.00|0.00|0.00|0.00|0.00|1|
20230000|1705|M1705|9|FAM000281|||2|332111|9|AD 50% SERV INSON SALA GRP ELE NODO CALL|-|-|-|11,457.18|0.00|0.00|0.00|0.00|0.00|0.00|0.00|0.00|31/7/2023|1/8/2023|1|0000|1.25|47.74|-47.74|0.00|0.00|0.00|0.00|0.00|0.00|1|
20230000|1708|M1708|9|FAM000283|||2|332111|9|PROPUESTA DE ILUMINCACION|-|-|-|-736.02|0.00|0.00|0.00|0.00|0.00|0.00|0.00|0.00|1/9/2021|1/12/2021|1|0000|10.00|-3.07|3.07|0.00|0.00|0.00|0.00|0.00|0.00|1|
