20240100|40703|M40703|30/01/2024|30/03/2024|01|F030||3001| |6|20551613217|COMPAÑÍA MAGRA SAC|600.00|108.00|0.00|0.00|0.00|0.00|0.00|0.00|0.00|0.00|708.00|PEN|1.000|||||||||||||||1|1|127|20240101|20240131|
20240100|31426|M31426|24/01/2024|24/03/2024|01|F001||00005050| |6|20551613217|COMPAÑÍA MAGRA SAC|1200.00|216.00|0.00|0.00|0.00|0.00|0.00|0.00|0.00|0.00|1416.00|PEN|1.000|||||||||||||||1|1|127|20240101|20240131|
20240100|37662|M37662|29/01/2024|29/01/2024|02|0002||00000165| |4|AO923275|FLOREZ VILORIA JENNIFER|0.00|0.00|0.00|0.00|0.00|0.00|1000.00|0.00|0.00|0.00|1000.00|PEN|1.000|||||||||||||||1|0|127|20240101|20240131|
20240100|29871|M29871|24/01/2024|24/03/2024|01|E001||00000008| |6|20117779379|SUMINISTROS TECNOLOGICOS E I R LTDA|1000.00|180.00|0.00|0.00|0.00|0.00|0.00|0.00|0.00|0.00|1180.00|PEN|1.000|||||||||||||||1|1|127|20240101|20240131|
20240100|29866|M29866|24/01/2024|24/03/2024|01|E001||00000008| |6|20117779379|SUMINISTROS TECNOLOGICOS E I R LTDA|780.00|140.40|0.00|0.00|0.00|0.00|0.00|0.00|0.00|0.00|920.40|PEN|1.000|||||||||||||||1|1|127|20240101|20240131|
20240100|40500|M40500|30/01/2024|30/03/2024|01|M001||1234| |6|20551613217|COMPAÑÍA MAGRA SAC|600.00|108.00|0.00|0.00|0.00|0.00|0.00|0.00|0.00|0.00|708.00|PEN|1.000|||||||||||||||1|1|127|20240101|20240131|
20240100|29885|M29885|24/01/2024|24/03/2024|01|E001||00000001| |6|20117779379|SUMINISTROS TECNOLOGICOS E I R LTDA|1000.00|180.00|0.00|0.00|0.00|0.00|0.00|0.00|0.00|0.00|1180.00|PEN|1.000|||||||||||||||1|1|127|20240101|20240131|
20240100|30502|M30502|24/01/2024|24/01/2024|01|E001||3456783| |6|20503840121|REPSOL COMERCIAL SAC|500.00|90.00|0.00|0.00|0.00|0.00|0.00|0.00|0.00|0.00|590.00|PEN|1.000|||||||||||||||1|1|127|20240101|20240131|
20240100|31212|M31212|24/01/2024|23/02/2024|01|F001||00005454| |6|20603374101|WINNER WORLD TRADING S.A.C.|150000.00|27000.00|0.00|0.00|0.00|0.00|0.00|0.00|0.00|0.00|177000.00|PEN|1.000|||||||DET||||||||1|1|127|20240101|20240131|
20240100|36242|M36242|26/01/2024|26/01/2024|01|E001||123456| |6|20337564373|TIENDAS POR DEPARTAMENTO RIPLEY S.A.C.|1800.00|324.00|0.00|0.00|0.00|0.00|0.00|0.00|0.00|0.00|2124.00|PEN|1.000|||||||||||||||1|1|127|20240101|20240131|
20240100|30505|M30505|24/01/2024|24/01/2024|01|E001||00000123| |6|20127765279|COESTI S.A.|15000.00|2700.00|0.00|0.00|0.00|0.00|0.00|0.00|0.00|0.00|17700.00|PEN|1.000|||||||||||||||1|1|127|20240101|20240131|
20240100|31421|M31421|24/01/2024|24/03/2024|01|E001||44456789| |6|20551613217|COMPAÑÍA MAGRA SAC|10000.00|1800.00|0.00|0.00|0.00|0.00|0.00|0.00|0.00|0.00|11800.00|PEN|1.000|||||||||||||||1|1|127|20240101|20240131|
20240100|29895|M29895|24/01/2024|24/01/2024|01|E001||1234567| |6|20127765279|COESTI S.A.|15000.00|2700.00|0.00|0.00|0.00|0.00|0.00|0.00|0.00|0.00|17700.00|PEN|1.000|||||||||||||||1|1|127|20240101|20240131|
20240100|31215|M31215|24/01/2024|24/01/2024|01|E001||00123456| |6|20458362077|TELXIUS CABLE PERU S.A.C.|3832.00|689.76|0.00|0.00|0.00|0.00|0.00|0.00|0.00|0.00|4521.76|USD|3.832|||||||DET||||||||1|1|127|20240101|20240131|
20240100|29764|M29764|24/01/2024|24/01/2024|01|E001||123478| |6|10416383044|RAMIREZ TRAUCORENZO GONZALO|1000.00|180.00|0.00|0.00|0.00|0.00|0.00|0.00|0.00|0.00|1180.00|PEN|1.000|||||||||||||||1|1|127|20240101|20240131|
20240100|31423|M31423|24/01/2024|24/03/2024|01|E001||00000050| |6|20551613217|COMPAÑÍA MAGRA SAC|800.00|144.00|0.00|0.00|0.00|0.00|0.00|0.00|0.00|0.00|944.00|PEN|1.000|||||||||||||||1|1|127|20240101|20240131|
20240100|31209|M31209|24/01/2024|23/02/2024|01|E001||23456784| |6|20458362077|TELXIUS CABLE PERU S.A.C.|4598.40|827.71|0.00|0.00|0.00|0.00|0.00|0.00|0.00|0.00|5426.11|USD|3.832|||||||DET||||||||1|1|127|20240101|20240131|
20240100|36243|M36243|26/01/2024|26/03/2024|01|E001||3456789| |6|20254507874|INTCOMEX PERU SAC|4518.00|813.24|0.00|0.00|0.00|0.00|0.00|0.00|0.00|0.00|5331.24|USD|3.765|||||||||||||||1|1|127|20240101|20240131|
20240100|41542|M41542|31/01/2024|31/03/2024|01|F030||98235| |6|20551613217|COMPAÑÍA MAGRA SAC|5000.00|900.00|0.00|0.00|0.00|0.00|0.00|0.00|0.00|0.00|5900.00|PEN|1.000|||||||||||||||1|1|127|20240101|20240131|
