20240200|47237|M47237|04/02/2024|04/04/2024|01|F002||897675| |6|20551613217|COMPAÑÍA MAGRA SAC|2000.00|360.00|0.00|0.00|0.00|0.00|0.00|0.00|0.00|0.00|2360.00|PEN|1.000|||||||DET||||||||1|1|128|20240201|20240229|
20240200|45791|M45791|02/02/2024|02/04/2024|01|F001||00000163| |6|20551613217|COMPAÑÍA MAGRA SAC|300.00|54.00|0.00|0.00|0.00|0.00|0.00|0.00|0.00|0.00|354.00|PEN|1.000|||||||||||||||1|1|128|20240201|20240229|
20240200|45670|M45670|02/02/2024|03/03/2024|01|F001||00000161| |6|20100126193|MARSH PERU S.A.C.|1000.00|180.00|0.00|0.00|0.00|0.00|0.00|0.00|0.00|0.00|1180.00|PEN|1.000||||||02/02/2024|12345678||||||||1|1|128|20240201|20240229|
20240200|47242|M47242|05/02/2024|05/04/2024|01|F002||879328| |6|20551613217|COMPAÑÍA MAGRA SAC|3000.00|540.00|0.00|0.00|0.00|0.00|0.00|0.00|0.00|0.00|3540.00|PEN|1.000|||||||DET||||||||1|1|128|20240201|20240229|
20240200|45789|M45789|02/02/2024|02/04/2024|01|F001||00000162| |6|20551613217|COMPAÑÍA MAGRA SAC|1000.00|180.00|0.00|0.00|0.00|0.00|0.00|0.00|0.00|0.00|1180.00|PEN|1.000|||||||||||||||1|1|128|20240201|20240229|
20240200|45457|M45457|02/02/2024|02/02/2024|50|118|2024|12345678| |6|20131312955|SUPERINTENDENCIA NACIONAL DE ADUANAS Y DE ADMINISTRACION TRIBUTARIA - SUNAT|15953.39|2871.61|0.00|0.00|0.00|0.00|376.50|0.00|0.00|0.00|19201.50|PEN|1.000|02/02/2024|91|0000|118|00000160||||||||||1|0|128|20240201|20240229|
20240200|467262|M467262|02/02/2024|02/02/2024|01|F001||00000008| |6|20504424970|GLOBAL SOLUTIONS PERU E.I.R.L.|376.50|67.77|0.00|0.00|0.00|0.00|0.00|0.00|0.00|0.00|444.27|PEN|1.000||||||||||||||||1|20240202|20240201|20240229|
20240200|467263|M467263|02/02/2024|02/02/2024|01|F001||00000010| |6|20509268691|LICENCIAS ON LINE S.A.C.|200.00|36.00|0.00|0.00|0.00|0.00|0.00|0.00|0.00|0.00|236.00|PEN|1.000||||||||||||||||1|20240202|20240201|20240229|
20240200|467282|M467282|02/02/2024|02/02/2024|01|E001||00000012| |6|20520549740|1 ONE S.A.C.|0.00|0.00|0.00|0.00|0.00|0.00|0.00|0.00|0.00|0.00|1100.00|PEN|1.000||||||||||||||||1|20240202|20240201|20240229|
20240200|467262|M467262|02/02/2024|02/02/2024|01|F001||00000008| |6|20504424970|GLOBAL SOLUTIONS PERU E.I.R.L.|376.50|67.77|0.00|0.00|0.00|0.00|0.00|0.00|0.00|0.00|444.27|PEN|1.000||||||||||||||||1|20240202|20240201|20240229|
20240200|467263|M467263|02/02/2024|02/02/2024|01|F001||00000010| |6|20509268691|LICENCIAS ON LINE S.A.C.|200.00|36.00|0.00|0.00|0.00|0.00|0.00|0.00|0.00|0.00|236.00|PEN|1.000||||||||||||||||1|20240202|20240201|20240229|
20240200|467282|M467282|02/02/2024|02/02/2024|01|E001||00000012| |6|20520549740|1 ONE S.A.C.|0.00|0.00|0.00|0.00|0.00|0.00|0.00|0.00|0.00|0.00|1100.00|PEN|1.000||||||||||||||||1|20240202|20240201|20240229|