20231200|13542|M13542|22/12/2023|21/01/2024|01|F001||00000182| |6|20603374101|WINNER WORLD TRADING S.A.C.|580.00|104.40|0.00|0.00|0.00|0.00|0.00|0.00|0.00|0.00|684.40|PEN|1.000|||||||||||||||1|1|117|20231201|20231231|
20231200|11859|M11859|12/12/2023|11/01/2024|01|F001||97340560| |6|20603374101|WINNER WORLD TRADING S.A.C.|3774.00|679.32|0.00|0.00|0.00|0.00|0.00|0.00|0.00|0.00|4453.32|USD|3.774|||||||||||||||1|1|117|20231201|20231231|
20231200|13778|M13778|26/12/2023|25/01/2024|01|F001||00000204| |6|20603374101|WINNER WORLD TRADING S.A.C.|2774.00|499.32|0.00|0.00|0.00|0.00|0.00|0.00|0.00|0.00|3273.32|PEN|1.000|||||||||||||||1|1|117|20231201|20231231|
20231200|12684|M12684|13/12/2023|12/01/2024|01|F001||00113344| |6|20603374101|WINNER WORLD TRADING S.A.C.|3774.00|679.32|0.00|0.00|0.00|0.00|0.00|0.00|0.00|0.00|4453.32|USD|3.774|||||||||||||||1|1|117|20231201|20231231|
20231200|12077|M12077|12/12/2023|11/01/2024|01|F001||00019900| |6|20603374101|WINNER WORLD TRADING S.A.C.|3774.00|679.32|0.00|0.00|0.00|0.00|0.00|0.00|0.00|0.00|4453.32|USD|3.774|||||||||||||||1|1|117|20231201|20231231|
20231200|12334|M12334|12/12/2023|11/01/2024|01|F001||10000021| |6|20603374101|WINNER WORLD TRADING S.A.C.|3774.00|679.32|0.00|0.00|0.00|0.00|0.00|0.00|0.00|0.00|4453.32|USD|3.774|||||||||||||||1|1|117|20231201|20231231|
20231200|12681|M12681|13/12/2023|12/01/2024|01|F001||10002222| |6|20603374101|WINNER WORLD TRADING S.A.C.|3774.00|679.32|0.00|0.00|0.00|0.00|0.00|0.00|0.00|0.00|4453.32|USD|3.774|||||||||||||||1|1|117|20231201|20231231|
20231200|12090|M12090|12/12/2023|11/01/2024|01|F001||00019901| |6|20603374101|WINNER WORLD TRADING S.A.C.|3774.00|679.32|0.00|0.00|0.00|0.00|0.00|0.00|0.00|0.00|4453.32|USD|3.774|||||||||||||||1|1|117|20231201|20231231|
20231200|15009|M15009|26/12/2023|25/01/2024|01|F003||00011350| |6|20600902564|CONCRETEC LOGISTIC S.A.C.|0.00|0.00|0.00|0.00|0.00|0.00|377.40|0.00|0.00|0.00|377.40|USD|3.774|||||||||||||||1|1|117|20231201|20231231|
20231200|15013|M15013|26/12/2023|25/01/2024|01|F003||00011351| |6|20600902564|CONCRETEC LOGISTIC S.A.C.|188.70|33.97|0.00|0.00|0.00|0.00|0.00|0.00|0.00|0.00|222.67|USD|3.774|||||||||||||||1|1|117|20231201|20231231|
20231200|7421|M7421|05/12/2023|04/01/2024|01|F001||00006500| |6|20603374101|WINNER WORLD TRADING S.A.C.|3775.00|679.50|0.00|0.00|0.00|0.00|0.00|0.00|0.00|0.00|4454.50|USD|3.775|||||||||||||||1|1|117|20231201|20231231|
20231200|15016|M15016|26/12/2023|26/12/2023|50|118|2023|022334556| |6|20131312955|SUPERINTENDENCIA NACIONAL DE ADUANAS Y DE ADMINISTRACION TRIBUTARIA - SUNAT|6113.88|1100.50|0.00|0.00|0.00|0.00|0.00|0.00|0.00|0.00|7214.38|USD|3.774||||118|||||||||||1|0|117|20231201|20231231|
20231200|13541|M13541|22/12/2023|21/01/2024|01|F001||000000181| |6|20603374101|WINNER WORLD TRADING S.A.C.|2264.40|407.59|0.00|0.00|0.00|0.00|0.00|0.00|0.00|0.00|2671.99|USD|3.774|||||||||||||||1|1|117|20231201|20231231|
20231200|12573|M12573|13/12/2023|12/01/2024|01|F001||00219890| |6|20603374101|WINNER WORLD TRADING S.A.C.|3774.00|679.32|0.00|0.00|0.00|0.00|0.00|0.00|0.00|0.00|4453.32|USD|3.774|||||||||||||||1|1|117|20231201|20231231|
20231200|15446|M15446|27/12/2023|27/12/2023|50|118|2023|122334556| |6|20131312955|SUPERINTENDENCIA NACIONAL DE ADUANAS Y DE ADMINISTRACION TRIBUTARIA - SUNAT|11888.10|2139.86|0.00|0.00|0.00|0.00|0.00|0.00|0.00|0.00|14027.96|USD|3.774|27/12/2023|91|9778|118|98466600||||||||||1|0|117|20231201|20231231|
20231200|12555|M12555|13/12/2023|12/01/2024|01|F001||08790001| |6|20603374101|WINNER WORLD TRADING S.A.C.|3774.00|679.32|0.00|0.00|0.00|0.00|0.00|0.00|0.00|0.00|4453.32|USD|3.774|||||||||||||||1|1|117|20231201|20231231|
20231200|11648|M11648|12/12/2023|11/01/2024|01|F001||00029890| |6|20603374101|WINNER WORLD TRADING S.A.C.|3774.00|679.32|0.00|0.00|0.00|0.00|0.00|0.00|0.00|0.00|4453.32|USD|3.774|||||||||||||||1|1|117|20231201|20231231|
20231200|12569|M12569|13/12/2023|12/01/2024|01|F001||10001001| |6|20603374101|WINNER WORLD TRADING S.A.C.|3774.00|679.32|0.00|0.00|0.00|0.00|0.00|0.00|0.00|0.00|4453.32|USD|3.774|||||||||||||||1|1|117|20231201|20231231|
20231200|13576|M13576|26/12/2023|25/01/2024|01|F001||00000202| |6|20603374101|WINNER WORLD TRADING S.A.C.|3774.00|679.32|0.00|0.00|0.00|0.00|0.00|0.00|0.00|0.00|4453.32|USD|3.774|||||||||||||||1|1|117|20231201|20231231|
20231200|12572|M12572|13/12/2023|12/01/2024|01|F001||00019890| |6|20603374101|WINNER WORLD TRADING S.A.C.|3774.00|679.32|0.00|0.00|0.00|0.00|0.00|0.00|0.00|0.00|4453.32|USD|3.774|||||||||||||||1|1|117|20231201|20231231|
20231200|7422|M7422|05/12/2023||07|NC01||00000702| |6|20603374101|WINNER WORLD TRADING S.A.C.|-755.00|-135.90|0.00|0.00|0.00|0.00|0.00|0.00|0.00|0.00|-890.90|USD|3.775|05/12/2023|01|F001||00006500||||||||||1|0|117|20231201|20231231|
20231200|12568|M12568|13/12/2023|12/01/2024|01|F001||11111111| |6|20603374101|WINNER WORLD TRADING S.A.C.|3774.00|679.32|0.00|0.00|0.00|0.00|0.00|0.00|0.00|0.00|4453.32|USD|3.774|||||||||||||||1|1|117|20231201|20231231|
20231200|12560|M12560|13/12/2023|12/01/2024|01|F001||00081234| |6|20603374101|WINNER WORLD TRADING S.A.C.|3774.00|679.32|0.00|0.00|0.00|0.00|0.00|0.00|0.00|0.00|4453.32|USD|3.774|||||||||||||||1|1|117|20231201|20231231|
20231200|12324|M12324|12/12/2023|11/01/2024|01|F001||10000011| |6|20603374101|WINNER WORLD TRADING S.A.C.|3774.00|679.32|0.00|0.00|0.00|0.00|0.00|0.00|0.00|0.00|4453.32|USD|3.774|||||||||||||||1|1|117|20231201|20231231|
20231200|10138|M10138|07/12/2023|06/01/2024|01|F001||00091874| |6|20603374101|WINNER WORLD TRADING S.A.C.|3000.00|540.00|0.00|0.00|0.00|0.00|0.00|0.00|0.00|0.00|3540.00|PEN|1.000|||||||||||||||1|1|117|20231201|20231231|
20231200|11862|M11862|12/12/2023|11/01/2024|01|F001||09871654| |6|20603374101|WINNER WORLD TRADING S.A.C.|3774.00|679.32|0.00|0.00|0.00|0.00|0.00|0.00|0.00|0.00|4453.32|PEN|1.000|||||||||||||||1|1|117|20231201|20231231|
20231200|12678|M12678|13/12/2023|12/01/2024|01|F001||12222221| |6|20603374101|WINNER WORLD TRADING S.A.C.|3774.00|679.32|0.00|0.00|0.00|0.00|0.00|0.00|0.00|0.00|4453.32|USD|3.774|||||||||||||||1|1|117|20231201|20231231|
20231200|7419|M7419|05/12/2023|04/01/2024|01|F001||00005874| |6|20603374101|WINNER WORLD TRADING S.A.C.|3775.00|679.50|0.00|0.00|0.00|0.00|0.00|0.00|0.00|0.00|4454.50|USD|3.775|||||||||||||||1|1|117|20231201|20231231|
20231200|11649|M11649|12/12/2023|11/01/2024|01|F001||00019890| |6|20603374101|WINNER WORLD TRADING S.A.C.|3774.00|679.32|0.00|0.00|0.00|0.00|0.00|0.00|0.00|0.00|4453.32|USD|3.774|||||||||||||||1|1|117|20231201|20231231|
20231200|12215|M12215|12/12/2023|11/01/2024|01|F001||10000002| |6|20603374101|WINNER WORLD TRADING S.A.C.|3774.00|679.32|0.00|0.00|0.00|0.00|0.00|0.00|0.00|0.00|4453.32|PEN|1.000|||||||||||||||1|1|117|20231201|20231231|
20231200|13577|M13577|26/12/2023|25/01/2024|01|F001||00000203| |6|20603374101|WINNER WORLD TRADING S.A.C.|3774.00|679.32|0.00|0.00|0.00|0.00|0.00|0.00|0.00|0.00|4453.32|PEN|1.000|||||||||||||||1|1|117|20231201|20231231|
20231200|15445|M15445|27/12/2023|26/01/2024|01|F001||00211350| |6|20600902564|CONCRETEC LOGISTIC S.A.C.|0.00|0.00|0.00|0.00|0.00|0.00|377.40|0.00|0.00|0.00|377.40|USD|3.774|||||||||||||||1|1|117|20231201|20231231|
20231200|7420|M7420|05/12/2023||07|NC01||00009811| |6|20603374101|WINNER WORLD TRADING S.A.C.|-755.00|-135.90|0.00|0.00|0.00|0.00|0.00|0.00|0.00|0.00|-890.90|USD|3.775|05/12/2023|01|F001||00005874||||||||||1|0|117|20231201|20231231|
20231200|12565|M12565|13/12/2023|12/01/2024|01|F001||00100341| |6|20603374101|WINNER WORLD TRADING S.A.C.|3774.00|679.32|0.00|0.00|0.00|0.00|0.00|0.00|0.00|0.00|4453.32|USD|3.774|||||||||||||||1|1|117|20231201|20231231|
20231200|7414|M7414|05/12/2023|04/01/2024|01|F001||0009812| |6|20603374101|WINNER WORLD TRADING S.A.C.|1800.00|324.00|0.00|0.00|0.00|0.00|0.00|0.00|0.00|0.00|2124.00|PEN|1.000|||||||||||||||1|1|117|20231201|20231231|
